N_TRX 3


DATATYPE MTH
FREQUENCY 10
N_RECV 169
   0.0000000e+00   0.0000000e+00   5.0000000e+01   1.0804416e-03   1.0054022e-02  -8.5960362e-03   1.0429802e-02   1.0804416e-03   1.0054022e-02  -8.5960362e-03   1.0429802e-02
   0.0000000e+00   5.0000000e+02   5.0000000e+01   3.5636228e-04   1.0017818e-02  -1.0805784e-02   1.0540289e-02   2.7443090e-04   1.0013722e-02  -1.1601836e-02   1.0580092e-02
   0.0000000e+00   1.0000000e+03   5.0000000e+01  -8.3946594e-04   1.0041973e-02  -1.3099878e-02   1.0654994e-02  -1.1816439e-03   1.0059082e-02  -1.5115734e-02   1.0755787e-02
   0.0000000e+00   1.5000000e+03   5.0000000e+01  -2.5235091e-03   1.0126175e-02  -1.5169677e-02   1.0758484e-02  -3.5241697e-03   1.0176208e-02  -1.8973501e-02   1.0948675e-02
   0.0000000e+00   2.0000000e+03   5.0000000e+01  -4.5083789e-03   1.0225419e-02  -1.6363682e-02   1.0818184e-02  -7.1937929e-03   1.0359690e-02  -2.2844747e-02   1.1142237e-02
   0.0000000e+00   2.5000000e+03   5.0000000e+01  -6.1010212e-03   1.0305051e-02  -1.5986822e-02   1.0799341e-02  -1.2236229e-02   1.0611811e-02  -2.6129713e-02   1.1306486e-02
   0.0000000e+00   3.0000000e+03   5.0000000e+01  -6.0337758e-03   1.0301689e-02  -1.3212615e-02   1.0660631e-02  -1.8378187e-02   1.0918909e-02  -2.8037596e-02   1.1401880e-02
   0.0000000e+00   3.5000000e+03   5.0000000e+01  -3.3865924e-03   1.0169330e-02  -8.0574222e-03   1.0402871e-02  -2.4047199e-02   1.1202360e-02  -2.8147033e-02   1.1407352e-02
   0.0000000e+00   4.0000000e+03   5.0000000e+01   1.5799964e-03   1.0079000e-02  -1.1841967e-03   1.0059210e-02  -2.6212767e-02   1.1310638e-02  -2.6207684e-02   1.1310384e-02
   0.0000000e+00   4.5000000e+03   5.0000000e+01   6.5093941e-03   1.0325470e-02   5.5932453e-03   1.0279662e-02  -2.3607861e-02   1.1180393e-02  -2.2864434e-02   1.1143222e-02
   0.0000000e+00   5.0000000e+03   5.0000000e+01   8.9996420e-03   1.0449982e-02   1.0547216e-02   1.0527361e-02  -1.7771819e-02   1.0888591e-02  -1.8817373e-02   1.0940869e-02
   0.0000000e+00   5.5000000e+03   5.0000000e+01   8.7740822e-03   1.0438704e-02   1.3189927e-02   1.0659496e-02  -1.1784482e-02   1.0589224e-02  -1.4750634e-02   1.0737532e-02
   0.0000000e+00   6.0000000e+03   5.0000000e+01   6.7325232e-03   1.0336626e-02   1.3574937e-02   1.0678747e-02  -7.1573802e-03   1.0357869e-02  -1.1087888e-02   1.0554394e-02
   5.0000000e+02   0.0000000e+00   5.0000000e+01   2.7443090e-04   1.0013722e-02  -1.1601836e-02   1.0580092e-02   3.5636228e-04   1.0017818e-02  -1.0805784e-02   1.0540289e-02
   5.0000000e+02   5.0000000e+02   5.0000000e+01  -1.0983593e-03   1.0054918e-02  -1.4907560e-02   1.0745378e-02  -1.0983593e-03   1.0054918e-02  -1.4907560e-02   1.0745378e-02
   5.0000000e+02   1.0000000e+03   5.0000000e+01  -3.3243438e-03   1.0166217e-02  -1.8550979e-02   1.0927549e-02  -3.5739272e-03   1.0178696e-02  -1.9847034e-02   1.0992352e-02
   5.0000000e+02   1.5000000e+03   5.0000000e+01  -6.5726470e-03   1.0328632e-02  -2.2143221e-02   1.1107161e-02  -7.4210905e-03   1.0371055e-02  -2.5389985e-02   1.1269499e-02
   5.0000000e+02   2.0000000e+03   5.0000000e+01  -1.0819521e-02   1.0540976e-02  -2.4755755e-02   1.1237788e-02  -1.3424007e-02   1.0671200e-02  -3.1022642e-02   1.1551132e-02
   5.0000000e+02   2.5000000e+03   5.0000000e+01  -1.4927985e-02   1.0746399e-02  -2.5095842e-02   1.1254792e-02  -2.2109969e-02   1.1105498e-02  -3.5745025e-02   1.1787251e-02
   5.0000000e+02   3.0000000e+03   5.0000000e+01  -1.5828395e-02   1.0791420e-02  -2.1343622e-02   1.1067181e-02  -3.4044621e-02   1.1702231e-02  -3.8069076e-02   1.1903454e-02
   5.0000000e+02   3.5000000e+03   5.0000000e+01  -1.0130298e-02   1.0506515e-02  -1.3179394e-02   1.0658970e-02  -4.6604356e-02   1.2330218e-02  -3.7171966e-02   1.1858598e-02
   5.0000000e+02   4.0000000e+03   5.0000000e+01   1.9347150e-03   1.0096736e-02  -1.8368993e-03   1.0091845e-02  -5.1528497e-02   1.2576425e-02  -3.3259506e-02   1.1662975e-02
   5.0000000e+02   4.5000000e+03   5.0000000e+01   1.3949380e-02   1.0697469e-02   9.2120187e-03   1.0460601e-02  -4.4452651e-02   1.2222633e-02  -2.7996615e-02   1.1399831e-02
   5.0000000e+02   5.0000000e+03   5.0000000e+01   1.9424486e-02   1.0971224e-02   1.6838383e-02   1.0841919e-02  -3.0617470e-02   1.1530874e-02  -2.2414304e-02   1.1120715e-02
   5.0000000e+02   5.5000000e+03   5.0000000e+01   1.8073023e-02   1.0903651e-02   2.0330890e-02   1.1016544e-02  -1.8515938e-02   1.0925797e-02  -1.7070841e-02   1.0853542e-02
   5.0000000e+02   6.0000000e+03   5.0000000e+01   1.3240966e-02   1.0662048e-02   2.0095716e-02   1.1004786e-02  -1.0562621e-02   1.0528131e-02  -1.2458796e-02   1.0622940e-02
   1.0000000e+03   0.0000000e+00   5.0000000e+01  -1.1816439e-03   1.0059082e-02  -1.5115734e-02   1.0755787e-02  -8.3946594e-04   1.0041973e-02  -1.3099878e-02   1.0654994e-02
   1.0000000e+03   5.0000000e+02   5.0000000e+01  -3.5739272e-03   1.0178696e-02  -1.9847034e-02   1.0992352e-02  -3.3243438e-03   1.0166217e-02  -1.8550979e-02   1.0927549e-02
   1.0000000e+03   1.0000000e+03   5.0000000e+01  -7.4212766e-03   1.0371064e-02  -2.5375539e-02   1.1268777e-02  -7.4212766e-03   1.0371064e-02  -2.5375539e-02   1.1268777e-02
   1.0000000e+03   1.5000000e+03   5.0000000e+01  -1.3281182e-02   1.0664059e-02  -3.1308370e-02   1.1565419e-02  -1.3542758e-02   1.0677138e-02  -3.3268331e-02   1.1663417e-02
   1.0000000e+03   2.0000000e+03   5.0000000e+01  -2.1978181e-02   1.1098909e-02  -3.6493193e-02   1.1824660e-02  -2.2715876e-02   1.1135794e-02  -4.1435475e-02   1.2071774e-02
   1.0000000e+03   2.5000000e+03   5.0000000e+01  -3.2592135e-02   1.1629607e-02  -3.8690669e-02   1.1934533e-02  -3.6181126e-02   1.1809056e-02  -4.8143554e-02   1.2407178e-02
   1.0000000e+03   3.0000000e+03   5.0000000e+01  -3.8897680e-02   1.1944884e-02  -3.3938727e-02   1.1696936e-02  -5.7374730e-02   1.2868737e-02  -5.0204814e-02   1.2510241e-02
   1.0000000e+03   3.5000000e+03   5.0000000e+01  -2.7538168e-02   1.1376908e-02  -2.1123353e-02   1.1056168e-02  -8.5046983e-02   1.4252349e-02  -4.5168648e-02   1.2258432e-02
   1.0000000e+03   4.0000000e+03   5.0000000e+01   2.2833449e-03   1.0114167e-02  -2.5319429e-03   1.0126597e-02  -9.7201969e-02   1.4860098e-02  -3.6594219e-02   1.1829711e-02
   1.0000000e+03   4.5000000e+03   5.0000000e+01   3.1970831e-02   1.1598542e-02   1.5113547e-02   1.0755677e-02  -7.8790088e-02   1.3939504e-02  -2.9383310e-02   1.1469165e-02
   1.0000000e+03   5.0000000e+03   5.0000000e+01   4.2930296e-02   1.2146515e-02   2.6382584e-02   1.1319129e-02  -4.7098425e-02   1.2354921e-02  -2.3782185e-02   1.1189109e-02
   1.0000000e+03   5.5000000e+03   5.0000000e+01   3.5912347e-02   1.1795617e-02   3.0678486e-02   1.1533924e-02  -2.5206667e-02   1.1260333e-02  -1.7912279e-02   1.0895614e-02
   1.0000000e+03   6.0000000e+03   5.0000000e+01   2.4092926e-02   1.1204646e-02   2.8917511e-02   1.1445876e-02  -1.3455932e-02   1.0672797e-02  -1.2754401e-02   1.0637720e-02
   1.5000000e+03   0.0000000e+00   5.0000000e+01  -3.5241697e-03   1.0176208e-02  -1.8973501e-02   1.0948675e-02  -2.5235091e-03   1.0126175e-02  -1.5169677e-02   1.0758484e-02
   1.5000000e+03   5.0000000e+02   5.0000000e+01  -7.4210905e-03   1.0371055e-02  -2.5389985e-02   1.1269499e-02  -6.5726470e-03   1.0328632e-02  -2.2143221e-02   1.1107161e-02
   1.5000000e+03   1.0000000e+03   5.0000000e+01  -1.3542758e-02   1.0677138e-02  -3.3268331e-02   1.1663417e-02  -1.3281182e-02   1.0664059e-02  -3.1308370e-02   1.1565419e-02
   1.5000000e+03   1.5000000e+03   5.0000000e+01  -2.3013026e-02   1.1150651e-02  -4.2336089e-02   1.2116804e-02  -2.3013026e-02   1.1150651e-02  -4.2336089e-02   1.2116804e-02
   1.5000000e+03   2.0000000e+03   5.0000000e+01  -3.8559864e-02   1.1927993e-02  -5.1410396e-02   1.2570520e-02  -3.6290302e-02   1.1814515e-02  -5.4033817e-02   1.2701691e-02
   1.5000000e+03   2.5000000e+03   5.0000000e+01  -6.1816366e-02   1.3090818e-02  -5.6991412e-02   1.2849571e-02  -5.3630391e-02   1.2681520e-02  -6.3489881e-02   1.3174494e-02
   1.5000000e+03   3.0000000e+03   5.0000000e+01  -8.5082691e-02   1.4254135e-02  -5.0753413e-02   1.2537671e-02  -7.9556580e-02   1.3977829e-02  -6.4759041e-02   1.3237952e-02
   1.5000000e+03   3.5000000e+03   5.0000000e+01  -6.4391767e-02   1.3219588e-02  -3.2021097e-02   1.1601055e-02  -1.1698241e-01   1.5849120e-02  -5.1791395e-02   1.2589570e-02
   1.5000000e+03   4.0000000e+03   5.0000000e+01   2.7892083e-03   1.0139460e-02  -2.7186786e-03   1.0135934e-02  -1.3316250e-01   1.6658125e-02  -3.6643627e-02   1.1832181e-02
   1.5000000e+03   4.5000000e+03   5.0000000e+01   6.9558666e-02   1.3477933e-02   2.4017859e-02   1.1200893e-02  -1.0372204e-01   1.5186102e-02  -2.6958837e-02   1.1347942e-02
   1.5000000e+03   5.0000000e+03   5.0000000e+01   8.9202151e-02   1.4460108e-02   3.8640508e-02   1.1932025e-02  -5.5360519e-02   1.2768026e-02  -2.2359775e-02   1.1117989e-02
   1.5000000e+03   5.5000000e+03   5.0000000e+01   6.4718433e-02   1.3235922e-02   4.4184486e-02   1.2209224e-02  -2.7642377e-02   1.1382119e-02  -1.6608987e-02   1.0830449e-02
   1.5000000e+03   6.0000000e+03   5.0000000e+01   3.9329658e-02   1.1966483e-02   3.9742821e-02   1.1987141e-02  -1.4402910e-02   1.0720146e-02  -1.1552791e-02   1.0577640e-02
   2.0000000e+03   0.0000000e+00   5.0000000e+01  -7.1937929e-03   1.0359690e-02  -2.2844747e-02   1.1142237e-02  -4.5083789e-03   1.0225419e-02  -1.6363682e-02   1.0818184e-02
   2.0000000e+03   5.0000000e+02   5.0000000e+01  -1.3424007e-02   1.0671200e-02  -3.1022642e-02   1.1551132e-02  -1.0819521e-02   1.0540976e-02  -2.4755755e-02   1.1237788e-02
   2.0000000e+03   1.0000000e+03   5.0000000e+01  -2.2715876e-02   1.1135794e-02  -4.1435475e-02   1.2071774e-02  -2.1978181e-02   1.1098909e-02  -3.6493193e-02   1.1824660e-02
   2.0000000e+03   1.5000000e+03   5.0000000e+01  -3.6290302e-02   1.1814515e-02  -5.4033817e-02   1.2701691e-02  -3.8559864e-02   1.1927993e-02  -5.1410396e-02   1.2570520e-02
   2.0000000e+03   2.0000000e+03   5.0000000e+01  -5.8991838e-02   1.2949592e-02  -6.7802732e-02   1.3390137e-02  -5.8991838e-02   1.2949592e-02  -6.7802732e-02   1.3390137e-02
   2.0000000e+03   2.5000000e+03   5.0000000e+01  -9.7304179e-02   1.4865209e-02  -7.7954428e-02   1.3897721e-02  -7.8584555e-02   1.3929228e-02  -8.0841409e-02   1.4042070e-02
   2.0000000e+03   3.0000000e+03   5.0000000e+01  -1.4446868e-01   1.7223434e-02  -7.0247303e-02   1.3512365e-02  -9.0713861e-02   1.4535693e-02  -8.1762164e-02   1.4088108e-02
   2.0000000e+03   3.5000000e+03   5.0000000e+01  -1.0894145e-01   1.5447072e-02  -4.6830880e-02   1.2341544e-02  -8.2442171e-02   1.4122109e-02  -6.5281579e-02   1.3264079e-02
   2.0000000e+03   4.0000000e+03   5.0000000e+01   3.7055733e-03   1.0185279e-02  -2.2446530e-03   1.0112233e-02  -6.9916822e-02   1.3495841e-02  -4.3835561e-02   1.2191778e-02
   2.0000000e+03   4.5000000e+03   5.0000000e+01   1.1589411e-01   1.5794705e-02   3.7975134e-02   1.1898757e-02  -5.7284540e-02   1.2864227e-02  -2.9460916e-02   1.1473046e-02
   2.0000000e+03   5.0000000e+03   5.0000000e+01   1.4934085e-01   1.7467042e-02   5.3514010e-02   1.2675701e-02  -3.8936570e-02   1.1946828e-02  -1.8712265e-02   1.0935613e-02
   2.0000000e+03   5.5000000e+03   5.0000000e+01   9.9196458e-02   1.4959823e-02   5.9715703e-02   1.2985785e-02  -2.2325449e-02   1.1116272e-02  -1.2511431e-02   1.0625572e-02
   2.0000000e+03   6.0000000e+03   5.0000000e+01   5.6288893e-02   1.2814445e-02   5.1338780e-02   1.2566939e-02  -1.2369200e-02   1.0618460e-02  -8.4155356e-03   1.0420777e-02
   2.5000000e+03   0.0000000e+00   5.0000000e+01  -1.2236229e-02   1.0611811e-02  -2.6129713e-02   1.1306486e-02  -6.1010212e-03   1.0305051e-02  -1.5986822e-02   1.0799341e-02
   2.5000000e+03   5.0000000e+02   5.0000000e+01  -2.2109969e-02   1.1105498e-02  -3.5745025e-02   1.1787251e-02  -1.4927985e-02   1.0746399e-02  -2.5095842e-02   1.1254792e-02
   2.5000000e+03   1.0000000e+03   5.0000000e+01  -3.6181126e-02   1.1809056e-02  -4.8143554e-02   1.2407178e-02  -3.2592135e-02   1.1629607e-02  -3.8690669e-02   1.1934533e-02
   2.5000000e+03   1.5000000e+03   5.0000000e+01  -5.3630391e-02   1.2681520e-02  -6.3489881e-02   1.3174494e-02  -6.1816366e-02   1.3090818e-02  -5.6991412e-02   1.2849571e-02
   2.5000000e+03   2.0000000e+03   5.0000000e+01  -7.8584555e-02   1.3929228e-02  -8.0841409e-02   1.4042070e-02  -9.7304179e-02   1.4865209e-02  -7.7954428e-02   1.3897721e-02
   2.5000000e+03   2.5000000e+03   5.0000000e+01  -1.2311295e-01   1.6155647e-02  -9.4337604e-02   1.4716880e-02  -1.2311295e-01   1.6155647e-02  -9.4337604e-02   1.4716880e-02
   2.5000000e+03   3.0000000e+03   5.0000000e+01  -1.7902024e-01   1.8951012e-02  -8.6198051e-02   1.4309903e-02  -1.2142264e-01   1.6071132e-02  -9.3475031e-02   1.4673752e-02
   2.5000000e+03   3.5000000e+03   5.0000000e+01  -1.2923126e-01   1.6461563e-02  -5.7193955e-02   1.2859698e-02  -7.4851616e-02   1.3742581e-02  -6.8472420e-02   1.3423621e-02
   2.5000000e+03   4.0000000e+03   5.0000000e+01   6.0924504e-03   1.0304623e-02  -1.6390737e-03   1.0081954e-02  -3.6718233e-02   1.1835912e-02  -3.6805111e-02   1.1840256e-02
   2.5000000e+03   4.5000000e+03   5.0000000e+01   1.4116773e-01   1.7058386e-02   4.8897598e-02   1.2444880e-02  -2.5829854e-02   1.1291493e-02  -2.0224685e-02   1.1011234e-02
   2.5000000e+03   5.0000000e+03   5.0000000e+01   1.8846284e-01   1.9423142e-02   6.8150307e-02   1.3407515e-02  -2.0697280e-02   1.1034864e-02  -1.0693822e-02   1.0534691e-02
   2.5000000e+03   5.5000000e+03   5.0000000e+01   1.2533627e-01   1.6266813e-02   7.3446794e-02   1.3672340e-02  -1.3863130e-02   1.0693157e-02  -5.9968895e-03   1.0299844e-02
   2.5000000e+03   6.0000000e+03   5.0000000e+01   6.9618224e-02   1.3480911e-02   6.1076477e-02   1.3053824e-02  -8.5123857e-03   1.0425619e-02  -3.7076946e-03   1.0185385e-02
   3.0000000e+03   0.0000000e+00   5.0000000e+01  -1.8378187e-02   1.0918909e-02  -2.8037596e-02   1.1401880e-02  -6.0337758e-03   1.0301689e-02  -1.3212615e-02   1.0660631e-02
   3.0000000e+03   5.0000000e+02   5.0000000e+01  -3.4044621e-02   1.1702231e-02  -3.8069076e-02   1.1903454e-02  -1.5828395e-02   1.0791420e-02  -2.1343622e-02   1.1067181e-02
   3.0000000e+03   1.0000000e+03   5.0000000e+01  -5.7374730e-02   1.2868737e-02  -5.0204814e-02   1.2510241e-02  -3.8897680e-02   1.1944884e-02  -3.3938727e-02   1.1696936e-02
   3.0000000e+03   1.5000000e+03   5.0000000e+01  -7.9556580e-02   1.3977829e-02  -6.4759041e-02   1.3237952e-02  -8.5082691e-02   1.4254135e-02  -5.0753413e-02   1.2537671e-02
   3.0000000e+03   2.0000000e+03   5.0000000e+01  -9.0713861e-02   1.4535693e-02  -8.1762164e-02   1.4088108e-02  -1.4446868e-01   1.7223434e-02  -7.0247303e-02   1.3512365e-02
   3.0000000e+03   2.5000000e+03   5.0000000e+01  -1.2142264e-01   1.6071132e-02  -9.3475031e-02   1.4673752e-02  -1.7902024e-01   1.8951012e-02  -8.6198051e-02   1.4309903e-02
   3.0000000e+03   3.0000000e+03   5.0000000e+01  -1.6989745e-01   1.8494873e-02  -8.5670746e-02   1.4283537e-02  -1.6989745e-01   1.8494873e-02  -8.5670746e-02   1.4283537e-02
   3.0000000e+03   3.5000000e+03   5.0000000e+01  -1.1968585e-01   1.5984292e-02  -5.5838985e-02   1.2791949e-02  -9.2541164e-02   1.4627058e-02  -6.4563961e-02   1.3228198e-02
   3.0000000e+03   4.0000000e+03   5.0000000e+01   1.3228267e-02   1.0661413e-02   1.7050423e-03   1.0085252e-02  -2.9088225e-02   1.1454411e-02  -3.0189238e-02   1.1509462e-02
   3.0000000e+03   4.5000000e+03   5.0000000e+01   1.5106123e-01   1.7553061e-02   5.4716005e-02   1.2735800e-02  -1.2340287e-02   1.0617014e-02  -1.0512349e-02   1.0525617e-02
   3.0000000e+03   5.0000000e+03   5.0000000e+01   2.0267790e-01   2.0133895e-02   7.5838222e-02   1.3791911e-02  -7.6509009e-03   1.0382545e-02  -8.5881926e-04   1.0042941e-02
   3.0000000e+03   5.5000000e+03   5.0000000e+01   1.3586294e-01   1.6793147e-02   8.0422960e-02   1.4021148e-02  -5.3438710e-03   1.0267194e-02   2.0388156e-03   1.0101941e-02
   3.0000000e+03   6.0000000e+03   5.0000000e+01   7.5221960e-02   1.3761098e-02   6.5894223e-02   1.3294711e-02  -3.9230696e-03   1.0196153e-02   2.0393593e-03   1.0101968e-02
   3.5000000e+03   0.0000000e+00   5.0000000e+01  -2.4047199e-02   1.1202360e-02  -2.8147033e-02   1.1407352e-02  -3.3865924e-03   1.0169330e-02  -8.0574222e-03   1.0402871e-02
   3.5000000e+03   5.0000000e+02   5.0000000e+01  -4.6604356e-02   1.2330218e-02  -3.7171966e-02   1.1858598e-02  -1.0130298e-02   1.0506515e-02  -1.3179394e-02   1.0658970e-02
   3.5000000e+03   1.0000000e+03   5.0000000e+01  -8.5046983e-02   1.4252349e-02  -4.5168648e-02   1.2258432e-02  -2.7538168e-02   1.1376908e-02  -2.1123353e-02   1.1056168e-02
   3.5000000e+03   1.5000000e+03   5.0000000e+01  -1.1698241e-01   1.5849120e-02  -5.1791395e-02   1.2589570e-02  -6.4391767e-02   1.3219588e-02  -3.2021097e-02   1.1601055e-02
   3.5000000e+03   2.0000000e+03   5.0000000e+01  -8.2442171e-02   1.4122109e-02  -6.5281579e-02   1.3264079e-02  -1.0894145e-01   1.5447072e-02  -4.6830880e-02   1.2341544e-02
   3.5000000e+03   2.5000000e+03   5.0000000e+01  -7.4851616e-02   1.3742581e-02  -6.8472420e-02   1.3423621e-02  -1.2923126e-01   1.6461563e-02  -5.7193955e-02   1.2859698e-02
   3.5000000e+03   3.0000000e+03   5.0000000e+01  -9.2541164e-02   1.4627058e-02  -6.4563961e-02   1.3228198e-02  -1.1968585e-01   1.5984292e-02  -5.5838985e-02   1.2791949e-02
   3.5000000e+03   3.5000000e+03   5.0000000e+01  -5.9989856e-02   1.2999493e-02  -3.9031612e-02   1.1951581e-02  -5.9989856e-02   1.2999493e-02  -3.9031612e-02   1.1951581e-02
   3.5000000e+03   4.0000000e+03   5.0000000e+01   2.8326013e-02   1.1416301e-02   1.0726943e-02   1.0536347e-02  -1.0300768e-02   1.0515038e-02  -1.2883208e-02   1.0644160e-02
   3.5000000e+03   4.5000000e+03   5.0000000e+01   1.5181617e-01   1.7590808e-02   5.7066752e-02   1.2853338e-02   3.2049218e-03   1.0160246e-02   3.3558030e-03   1.0167790e-02
   3.5000000e+03   5.0000000e+03   5.0000000e+01   1.9825087e-01   1.9912544e-02   7.5598794e-02   1.3779940e-02   6.2327538e-03   1.0311638e-02   1.0872377e-02   1.0543619e-02
   3.5000000e+03   5.5000000e+03   5.0000000e+01   1.3164485e-01   1.6582242e-02   7.9340811e-02   1.3967041e-02   3.8590291e-03   1.0192951e-02   1.0953502e-02   1.0547675e-02
   3.5000000e+03   6.0000000e+03   5.0000000e+01   7.2723521e-02   1.3636176e-02   6.4946152e-02   1.3247308e-02   1.1387032e-03   1.0056935e-02   8.2307128e-03   1.0411536e-02
   4.0000000e+03   0.0000000e+00   5.0000000e+01  -2.6212767e-02   1.1310638e-02  -2.6207684e-02   1.1310384e-02   1.5799964e-03   1.0079000e-02  -1.1841967e-03   1.0059210e-02
   4.0000000e+03   5.0000000e+02   5.0000000e+01  -5.1528497e-02   1.2576425e-02  -3.3259506e-02   1.1662975e-02   1.9347150e-03   1.0096736e-02  -1.8368993e-03   1.0091845e-02
   4.0000000e+03   1.0000000e+03   5.0000000e+01  -9.7201969e-02   1.4860098e-02  -3.6594219e-02   1.1829711e-02   2.2833449e-03   1.0114167e-02  -2.5319429e-03   1.0126597e-02
   4.0000000e+03   1.5000000e+03   5.0000000e+01  -1.3316250e-01   1.6658125e-02  -3.6643627e-02   1.1832181e-02   2.7892083e-03   1.0139460e-02  -2.7186786e-03   1.0135934e-02
   4.0000000e+03   2.0000000e+03   5.0000000e+01  -6.9916822e-02   1.3495841e-02  -4.3835561e-02   1.2191778e-02   3.7055733e-03   1.0185279e-02  -2.2446530e-03   1.0112233e-02
   4.0000000e+03   2.5000000e+03   5.0000000e+01  -3.6718233e-02   1.1835912e-02  -3.6805111e-02   1.1840256e-02   6.0924504e-03   1.0304623e-02  -1.6390737e-03   1.0081954e-02
   4.0000000e+03   3.0000000e+03   5.0000000e+01  -2.9088225e-02   1.1454411e-02  -3.0189238e-02   1.1509462e-02   1.3228267e-02   1.0661413e-02   1.7050423e-03   1.0085252e-02
   4.0000000e+03   3.5000000e+03   5.0000000e+01  -1.0300768e-02   1.0515038e-02  -1.2883208e-02   1.0644160e-02   2.8326013e-02   1.1416301e-02   1.0726943e-02   1.0536347e-02
   4.0000000e+03   4.0000000e+03   5.0000000e+01   3.7670046e-02   1.1883502e-02   2.0334050e-02   1.1016702e-02   3.7670046e-02   1.1883502e-02   2.0334050e-02   1.1016702e-02
   4.0000000e+03   4.5000000e+03   5.0000000e+01   1.3758691e-01   1.6879346e-02   5.4062109e-02   1.2703105e-02   3.5684513e-02   1.1784226e-02   2.5197775e-02   1.1259889e-02
   4.0000000e+03   5.0000000e+03   5.0000000e+01   1.7073586e-01   1.8536793e-02   6.7174911e-02   1.3358746e-02   2.7294584e-02   1.1364729e-02   2.4961599e-02   1.1248080e-02
   4.0000000e+03   5.5000000e+03   5.0000000e+01   1.1137561e-01   1.5568781e-02   7.0243107e-02   1.3512155e-02   1.4919791e-02   1.0745990e-02   2.0126443e-02   1.1006322e-02
   4.0000000e+03   6.0000000e+03   5.0000000e+01   6.1875162e-02   1.3093758e-02   5.8233405e-02   1.2911670e-02   6.5831085e-03   1.0329155e-02   1.4229813e-02   1.0711491e-02
   4.5000000e+03   0.0000000e+00   5.0000000e+01  -2.3607861e-02   1.1180393e-02  -2.2864434e-02   1.1143222e-02   6.5093941e-03   1.0325470e-02   5.5932453e-03   1.0279662e-02
   4.5000000e+03   5.0000000e+02   5.0000000e+01  -4.4452651e-02   1.2222633e-02  -2.7996615e-02   1.1399831e-02   1.3949380e-02   1.0697469e-02   9.2120187e-03   1.0460601e-02
   4.5000000e+03   1.0000000e+03   5.0000000e+01  -7.8790088e-02   1.3939504e-02  -2.9383310e-02   1.1469165e-02   3.1970831e-02   1.1598542e-02   1.5113547e-02   1.0755677e-02
   4.5000000e+03   1.5000000e+03   5.0000000e+01  -1.0372204e-01   1.5186102e-02  -2.6958837e-02   1.1347942e-02   6.9558666e-02   1.3477933e-02   2.4017859e-02   1.1200893e-02
   4.5000000e+03   2.0000000e+03   5.0000000e+01  -5.7284540e-02   1.2864227e-02  -2.9460916e-02   1.1473046e-02   1.1589411e-01   1.5794705e-02   3.7975134e-02   1.1898757e-02
   4.5000000e+03   2.5000000e+03   5.0000000e+01  -2.5829854e-02   1.1291493e-02  -2.0224685e-02   1.1011234e-02   1.4116773e-01   1.7058386e-02   4.8897598e-02   1.2444880e-02
   4.5000000e+03   3.0000000e+03   5.0000000e+01  -1.2340287e-02   1.0617014e-02  -1.0512349e-02   1.0525617e-02   1.5106123e-01   1.7553061e-02   5.4716005e-02   1.2735800e-02
   4.5000000e+03   3.5000000e+03   5.0000000e+01   3.2049218e-03   1.0160246e-02   3.3558030e-03   1.0167790e-02   1.5181617e-01   1.7590808e-02   5.7066752e-02   1.2853338e-02
   4.5000000e+03   4.0000000e+03   5.0000000e+01   3.5684513e-02   1.1784226e-02   2.5197775e-02   1.1259889e-02   1.3758691e-01   1.6879346e-02   5.4062109e-02   1.2703105e-02
   4.5000000e+03   4.5000000e+03   5.0000000e+01   1.0100908e-01   1.5050454e-02   4.6013044e-02   1.2300652e-02   1.0100908e-01   1.5050454e-02   4.6013044e-02   1.2300652e-02
   4.5000000e+03   5.0000000e+03   5.0000000e+01   1.1798803e-01   1.5899401e-02   5.5166272e-02   1.2758314e-02   5.4770817e-02   1.2738541e-02   3.7328101e-02   1.1866405e-02
   4.5000000e+03   5.5000000e+03   5.0000000e+01   7.9160047e-02   1.3958002e-02   5.6945071e-02   1.2847254e-02   2.5471352e-02   1.1273568e-02   2.7652109e-02   1.1382605e-02
   4.5000000e+03   6.0000000e+03   5.0000000e+01   4.5723347e-02   1.2286167e-02   4.8211301e-02   1.2410565e-02   1.1142120e-02   1.0557106e-02   1.8986469e-02   1.0949323e-02
   5.0000000e+03   0.0000000e+00   5.0000000e+01  -1.7771819e-02   1.0888591e-02  -1.8817373e-02   1.0940869e-02   8.9996420e-03   1.0449982e-02   1.0547216e-02   1.0527361e-02
   5.0000000e+03   5.0000000e+02   5.0000000e+01  -3.0617470e-02   1.1530874e-02  -2.2414304e-02   1.1120715e-02   1.9424486e-02   1.0971224e-02   1.6838383e-02   1.0841919e-02
   5.0000000e+03   1.0000000e+03   5.0000000e+01  -4.7098425e-02   1.2354921e-02  -2.3782185e-02   1.1189109e-02   4.2930296e-02   1.2146515e-02   2.6382584e-02   1.1319129e-02
   5.0000000e+03   1.5000000e+03   5.0000000e+01  -5.5360519e-02   1.2768026e-02  -2.2359775e-02   1.1117989e-02   8.9202151e-02   1.4460108e-02   3.8640508e-02   1.1932025e-02
   5.0000000e+03   2.0000000e+03   5.0000000e+01  -3.8936570e-02   1.1946828e-02  -1.8712265e-02   1.0935613e-02   1.4934085e-01   1.7467042e-02   5.3514010e-02   1.2675701e-02
   5.0000000e+03   2.5000000e+03   5.0000000e+01  -2.0697280e-02   1.1034864e-02  -1.0693822e-02   1.0534691e-02   1.8846284e-01   1.9423142e-02   6.8150307e-02   1.3407515e-02
   5.0000000e+03   3.0000000e+03   5.0000000e+01  -7.6509009e-03   1.0382545e-02  -8.5881926e-04   1.0042941e-02   2.0267790e-01   2.0133895e-02   7.5838222e-02   1.3791911e-02
   5.0000000e+03   3.5000000e+03   5.0000000e+01   6.2327538e-03   1.0311638e-02   1.0872377e-02   1.0543619e-02   1.9825087e-01   1.9912544e-02   7.5598794e-02   1.3779940e-02
   5.0000000e+03   4.0000000e+03   5.0000000e+01   2.7294584e-02   1.1364729e-02   2.4961599e-02   1.1248080e-02   1.7073586e-01   1.8536793e-02   6.7174911e-02   1.3358746e-02
   5.0000000e+03   4.5000000e+03   5.0000000e+01   5.4770817e-02   1.2738541e-02   3.7328101e-02   1.1866405e-02   1.1798803e-01   1.5899401e-02   5.5166272e-02   1.2758314e-02
   5.0000000e+03   5.0000000e+03   5.0000000e+01   6.1805065e-02   1.3090253e-02   4.3446202e-02   1.2172310e-02   6.1805065e-02   1.3090253e-02   4.3446202e-02   1.2172310e-02
   5.0000000e+03   5.5000000e+03   5.0000000e+01   4.6518609e-02   1.2325930e-02   4.3158861e-02   1.2157943e-02   2.8578970e-02   1.1428949e-02   3.1306898e-02   1.1565345e-02
   5.0000000e+03   6.0000000e+03   5.0000000e+01   2.9133147e-02   1.1456657e-02   3.7355377e-02   1.1867769e-02   1.2694983e-02   1.0634749e-02   2.1387000e-02   1.1069350e-02
   5.5000000e+03   0.0000000e+00   5.0000000e+01  -1.1784482e-02   1.0589224e-02  -1.4750634e-02   1.0737532e-02   8.7740822e-03   1.0438704e-02   1.3189927e-02   1.0659496e-02
   5.5000000e+03   5.0000000e+02   5.0000000e+01  -1.8515938e-02   1.0925797e-02  -1.7070841e-02   1.0853542e-02   1.8073023e-02   1.0903651e-02   2.0330890e-02   1.1016544e-02
   5.5000000e+03   1.0000000e+03   5.0000000e+01  -2.5206667e-02   1.1260333e-02  -1.7912279e-02   1.0895614e-02   3.5912347e-02   1.1795617e-02   3.0678486e-02   1.1533924e-02
   5.5000000e+03   1.5000000e+03   5.0000000e+01  -2.7642377e-02   1.1382119e-02  -1.6608987e-02   1.0830449e-02   6.4718433e-02   1.3235922e-02   4.4184486e-02   1.2209224e-02
   5.5000000e+03   2.0000000e+03   5.0000000e+01  -2.2325449e-02   1.1116272e-02  -1.2511431e-02   1.0625572e-02   9.9196458e-02   1.4959823e-02   5.9715703e-02   1.2985785e-02
   5.5000000e+03   2.5000000e+03   5.0000000e+01  -1.3863130e-02   1.0693157e-02  -5.9968895e-03   1.0299844e-02   1.2533627e-01   1.6266813e-02   7.3446794e-02   1.3672340e-02
   5.5000000e+03   3.0000000e+03   5.0000000e+01  -5.3438710e-03   1.0267194e-02   2.0388156e-03   1.0101941e-02   1.3586294e-01   1.6793147e-02   8.0422960e-02   1.4021148e-02
   5.5000000e+03   3.5000000e+03   5.0000000e+01   3.8590291e-03   1.0192951e-02   1.0953502e-02   1.0547675e-02   1.3164485e-01   1.6582242e-02   7.9340811e-02   1.3967041e-02
   5.5000000e+03   4.0000000e+03   5.0000000e+01   1.4919791e-02   1.0745990e-02   2.0126443e-02   1.1006322e-02   1.1137561e-01   1.5568781e-02   7.0243107e-02   1.3512155e-02
   5.5000000e+03   4.5000000e+03   5.0000000e+01   2.5471352e-02   1.1273568e-02   2.7652109e-02   1.1382605e-02   7.9160047e-02   1.3958002e-02   5.6945071e-02   1.2847254e-02
   5.5000000e+03   5.0000000e+03   5.0000000e+01   2.8578970e-02   1.1428949e-02   3.1306898e-02   1.1565345e-02   4.6518609e-02   1.2325930e-02   4.3158861e-02   1.2157943e-02
   5.5000000e+03   5.5000000e+03   5.0000000e+01   2.3821790e-02   1.1191089e-02   3.0990519e-02   1.1549526e-02   2.3821790e-02   1.1191089e-02   3.0990519e-02   1.1549526e-02
   5.5000000e+03   6.0000000e+03   5.0000000e+01   1.6201509e-02   1.0810075e-02   2.7530973e-02   1.1376549e-02   1.1181352e-02   1.0559068e-02   2.1450922e-02   1.1072546e-02
   6.0000000e+03   0.0000000e+00   5.0000000e+01  -7.1573802e-03   1.0357869e-02  -1.1087888e-02   1.0554394e-02   6.7325232e-03   1.0336626e-02   1.3574937e-02   1.0678747e-02
   6.0000000e+03   5.0000000e+02   5.0000000e+01  -1.0562621e-02   1.0528131e-02  -1.2458796e-02   1.0622940e-02   1.3240966e-02   1.0662048e-02   2.0095716e-02   1.1004786e-02
   6.0000000e+03   1.0000000e+03   5.0000000e+01  -1.3455932e-02   1.0672797e-02  -1.2754401e-02   1.0637720e-02   2.4092926e-02   1.1204646e-02   2.8917511e-02   1.1445876e-02
   6.0000000e+03   1.5000000e+03   5.0000000e+01  -1.4402910e-02   1.0720146e-02  -1.1552791e-02   1.0577640e-02   3.9329658e-02   1.1966483e-02   3.9742821e-02   1.1987141e-02
   6.0000000e+03   2.0000000e+03   5.0000000e+01  -1.2369200e-02   1.0618460e-02  -8.4155356e-03   1.0420777e-02   5.6288893e-02   1.2814445e-02   5.1338780e-02   1.2566939e-02
   6.0000000e+03   2.5000000e+03   5.0000000e+01  -8.5123857e-03   1.0425619e-02  -3.7076946e-03   1.0185385e-02   6.9618224e-02   1.3480911e-02   6.1076477e-02   1.3053824e-02
   6.0000000e+03   3.0000000e+03   5.0000000e+01  -3.9230696e-03   1.0196153e-02   2.0393593e-03   1.0101968e-02   7.5221960e-02   1.3761098e-02   6.5894223e-02   1.3294711e-02
   6.0000000e+03   3.5000000e+03   5.0000000e+01   1.1387032e-03   1.0056935e-02   8.2307128e-03   1.0411536e-02   7.2723521e-02   1.3636176e-02   6.4946152e-02   1.3247308e-02
   6.0000000e+03   4.0000000e+03   5.0000000e+01   6.5831085e-03   1.0329155e-02   1.4229813e-02   1.0711491e-02   6.1875162e-02   1.3093758e-02   5.8233405e-02   1.2911670e-02
   6.0000000e+03   4.5000000e+03   5.0000000e+01   1.1142120e-02   1.0557106e-02   1.8986469e-02   1.0949323e-02   4.5723347e-02   1.2286167e-02   4.8211301e-02   1.2410565e-02
   6.0000000e+03   5.0000000e+03   5.0000000e+01   1.2694983e-02   1.0634749e-02   2.1387000e-02   1.1069350e-02   2.9133147e-02   1.1456657e-02   3.7355377e-02   1.1867769e-02
   6.0000000e+03   5.5000000e+03   5.0000000e+01   1.1181352e-02   1.0559068e-02   2.1450922e-02   1.1072546e-02   1.6201509e-02   1.0810075e-02   2.7530973e-02   1.1376549e-02
   6.0000000e+03   6.0000000e+03   5.0000000e+01   7.9552051e-03   1.0397760e-02   1.9557963e-02   1.0977898e-02   7.9552051e-03   1.0397760e-02   1.9557963e-02   1.0977898e-02

DATATYPE MTH
FREQUENCY 50
N_RECV 169
   0.0000000e+00   0.0000000e+00   5.0000000e+01   5.6836227e-04   1.0028418e-02  -1.8484940e-04   1.0009242e-02   5.6836227e-04   1.0028418e-02  -1.8484940e-04   1.0009242e-02
   0.0000000e+00   5.0000000e+02   5.0000000e+01   7.7766311e-04   1.0038883e-02  -1.9920712e-04   1.0009960e-02   8.5015906e-04   1.0042508e-02  -2.4855860e-04   1.0012428e-02
   0.0000000e+00   1.0000000e+03   5.0000000e+01   1.1169020e-03   1.0055845e-02  -2.7881675e-04   1.0013941e-02   1.3008875e-03   1.0065044e-02  -3.7130827e-04   1.0018565e-02
   0.0000000e+00   1.5000000e+03   5.0000000e+01   1.5799030e-03   1.0078995e-02  -5.1358593e-04   1.0025679e-02   1.9793732e-03   1.0098969e-02  -6.9317869e-04   1.0034659e-02
   0.0000000e+00   2.0000000e+03   5.0000000e+01   2.0617118e-03   1.0103086e-02  -1.0013860e-03   1.0050069e-02   2.9330532e-03   1.0146653e-02  -1.5493837e-03   1.0077469e-02
   0.0000000e+00   2.5000000e+03   5.0000000e+01   2.3163590e-03   1.0115818e-02  -1.6253181e-03   1.0081266e-02   4.0215773e-03   1.0201079e-02  -3.2603936e-03   1.0163020e-02
   0.0000000e+00   3.0000000e+03   5.0000000e+01   2.0398017e-03   1.0101990e-02  -1.9195185e-03   1.0095976e-02   4.8980347e-03   1.0244902e-02  -6.0571593e-03   1.0302858e-02
   0.0000000e+00   3.5000000e+03   5.0000000e+01   1.2054973e-03   1.0060275e-02  -1.3356536e-03   1.0066783e-02   5.2634924e-03   1.0263175e-02  -9.1385841e-03   1.0456929e-02
   0.0000000e+00   4.0000000e+03   5.0000000e+01  -3.0527553e-05   1.0001526e-02   1.5175245e-04   1.0007588e-02   5.1755371e-03   1.0258777e-02  -1.0538700e-02   1.0526935e-02
   0.0000000e+00   4.5000000e+03   5.0000000e+01  -1.2678979e-03   1.0063395e-02   1.6347294e-03   1.0081736e-02   4.8727860e-03   1.0243639e-02  -9.2254925e-03   1.0461275e-02
   0.0000000e+00   5.0000000e+03   5.0000000e+01  -2.0979638e-03   1.0104898e-02   2.1949032e-03   1.0109745e-02   4.2229510e-03   1.0211148e-02  -6.1904101e-03   1.0309521e-02
   0.0000000e+00   5.5000000e+03   5.0000000e+01  -2.3564871e-03   1.0117824e-02   1.8585035e-03   1.0092925e-02   3.2095427e-03   1.0160477e-02  -3.3836895e-03   1.0169184e-02
   0.0000000e+00   6.0000000e+03   5.0000000e+01  -2.0730248e-03   1.0103651e-02   1.1766384e-03   1.0058832e-02   2.1282998e-03   1.0106415e-02  -1.6227853e-03   1.0081139e-02
   5.0000000e+02   0.0000000e+00   5.0000000e+01   8.5015906e-04   1.0042508e-02  -2.4855860e-04   1.0012428e-02   7.7766311e-04   1.0038883e-02  -1.9920712e-04   1.0009960e-02
   5.0000000e+02   5.0000000e+02   5.0000000e+01   1.2489736e-03   1.0062449e-02  -3.1769052e-04   1.0015885e-02   1.2489736e-03   1.0062449e-02  -3.1769052e-04   1.0015885e-02
   5.0000000e+02   1.0000000e+03   5.0000000e+01   1.8980839e-03   1.0094904e-02  -5.6528614e-04   1.0028264e-02   2.0028152e-03   1.0100141e-02  -5.8129083e-04   1.0029065e-02
   5.0000000e+02   1.5000000e+03   5.0000000e+01   2.7903458e-03   1.0139517e-02  -1.2315070e-03   1.0061575e-02   3.0999974e-03   1.0155000e-02  -1.2343860e-03   1.0061719e-02
   5.0000000e+02   2.0000000e+03   5.0000000e+01   3.6998370e-03   1.0184992e-02  -2.6736958e-03   1.0133685e-02   4.5217305e-03   1.0226087e-02  -2.9386982e-03   1.0146935e-02
   5.0000000e+02   2.5000000e+03   5.0000000e+01   4.0652706e-03   1.0203264e-02  -4.7279008e-03   1.0236395e-02   5.8195844e-03   1.0290979e-02  -6.5710197e-03   1.0328551e-02
   5.0000000e+02   3.0000000e+03   5.0000000e+01   3.3041676e-03   1.0165208e-02  -6.0193054e-03   1.0300965e-02   5.8198845e-03   1.0290994e-02  -1.3294194e-02   1.0664710e-02
   5.0000000e+02   3.5000000e+03   5.0000000e+01   1.8132419e-03   1.0090662e-02  -4.4159658e-03   1.0220798e-02   3.9458681e-03   1.0197293e-02  -2.1649096e-02   1.1082455e-02
   5.0000000e+02   4.0000000e+03   5.0000000e+01  -2.1290380e-05   1.0001065e-02   2.5524160e-04   1.0012762e-02   2.3538916e-03   1.0117695e-02  -2.5678813e-02   1.1283941e-02
   5.0000000e+02   4.5000000e+03   5.0000000e+01  -1.8588147e-03   1.0092941e-02   4.9332269e-03   1.0246661e-02   2.9411045e-03   1.0147055e-02  -2.1704918e-02   1.1085246e-02
   5.0000000e+02   5.0000000e+03   5.0000000e+01  -3.3423138e-03   1.0167116e-02   6.5144773e-03   1.0325724e-02   4.1278207e-03   1.0206391e-02  -1.3329269e-02   1.0666463e-02
   5.0000000e+02   5.5000000e+03   5.0000000e+01  -4.0644164e-03   1.0203221e-02   5.1382844e-03   1.0256914e-02   3.8798835e-03   1.0193994e-02  -6.5333818e-03   1.0326669e-02
   5.0000000e+02   6.0000000e+03   5.0000000e+01  -3.6298843e-03   1.0181494e-02   2.9489709e-03   1.0147449e-02   2.7088389e-03   1.0135442e-02  -2.8336946e-03   1.0141685e-02
   1.0000000e+03   0.0000000e+00   5.0000000e+01   1.3008875e-03   1.0065044e-02  -3.7130827e-04   1.0018565e-02   1.1169020e-03   1.0055845e-02  -2.7881675e-04   1.0013941e-02
   1.0000000e+03   5.0000000e+02   5.0000000e+01   2.0028152e-03   1.0100141e-02  -5.8129083e-04   1.0029065e-02   1.8980839e-03   1.0094904e-02  -5.6528614e-04   1.0028264e-02
   1.0000000e+03   1.0000000e+03   5.0000000e+01   3.1274498e-03   1.0156372e-02  -1.1787443e-03   1.0058937e-02   3.1274498e-03   1.0156372e-02  -1.1787443e-03   1.0058937e-02
   1.0000000e+03   1.5000000e+03   5.0000000e+01   4.6541853e-03   1.0232709e-02  -2.7120174e-03   1.0135601e-02   4.8343782e-03   1.0241719e-02  -2.4428116e-03   1.0122141e-02
   1.0000000e+03   2.0000000e+03   5.0000000e+01   6.0466367e-03   1.0302332e-02  -6.2981800e-03   1.0314909e-02   6.8238494e-03   1.0341192e-02  -5.3117093e-03   1.0265585e-02
   1.0000000e+03   2.5000000e+03   5.0000000e+01   5.7941412e-03   1.0289707e-02  -1.2282865e-02   1.0614143e-02   7.9203344e-03   1.0396017e-02  -1.1479759e-02   1.0573988e-02
   1.0000000e+03   3.0000000e+03   5.0000000e+01   2.3151390e-03   1.0115757e-02  -1.7607378e-02   1.0880369e-02   3.8857975e-03   1.0194290e-02  -2.4646079e-02   1.1232304e-02
   1.0000000e+03   3.5000000e+03   5.0000000e+01  -8.8693571e-05   1.0004435e-02  -1.3727583e-02   1.0686379e-02  -9.4398046e-03   1.0471990e-02  -4.4286793e-02   1.2214340e-02
   1.0000000e+03   4.0000000e+03   5.0000000e+01   8.7876998e-06   1.0000439e-02   4.2356920e-04   1.0021178e-02  -1.8399376e-02   1.0919969e-02  -5.4613868e-02   1.2730693e-02
   1.0000000e+03   4.5000000e+03   5.0000000e+01   1.2801019e-04   1.0006401e-02   1.4635784e-02   1.0731789e-02  -1.1922143e-02   1.0596107e-02  -4.3748944e-02   1.2187447e-02
   1.0000000e+03   5.0000000e+03   5.0000000e+01  -2.2301913e-03   1.0111510e-02   1.8537039e-02   1.0926852e-02  -1.9282756e-04   1.0009641e-02  -2.3580300e-02   1.1179015e-02
   1.0000000e+03   5.5000000e+03   5.0000000e+01  -5.6316338e-03   1.0281582e-02   1.3006994e-02   1.0650350e-02   3.5084880e-03   1.0175424e-02  -1.0163559e-02   1.0508178e-02
   1.0000000e+03   6.0000000e+03   5.0000000e+01  -5.7401779e-03   1.0287009e-02   6.6708436e-03   1.0333542e-02   2.9255648e-03   1.0146278e-02  -4.0494025e-03   1.0202470e-02
   1.5000000e+03   0.0000000e+00   5.0000000e+01   1.9793732e-03   1.0098969e-02  -6.9317869e-04   1.0034659e-02   1.5799030e-03   1.0078995e-02  -5.1358593e-04   1.0025679e-02
   1.5000000e+03   5.0000000e+02   5.0000000e+01   3.0999974e-03   1.0155000e-02  -1.2343860e-03   1.0061719e-02   2.7903458e-03   1.0139517e-02  -1.2315070e-03   1.0061575e-02
   1.5000000e+03   1.0000000e+03   5.0000000e+01   4.8343782e-03   1.0241719e-02  -2.4428116e-03   1.0122141e-02   4.6541853e-03   1.0232709e-02  -2.7120174e-03   1.0135601e-02
   1.5000000e+03   1.5000000e+03   5.0000000e+01   7.1432207e-03   1.0357161e-02  -5.2634203e-03   1.0263171e-02   7.1432207e-03   1.0357161e-02  -5.2634203e-03   1.0263171e-02
   1.5000000e+03   2.0000000e+03   5.0000000e+01   8.9055583e-03   1.0445278e-02  -1.2266762e-02   1.0613338e-02   9.9256732e-03   1.0496284e-02  -9.6107467e-03   1.0480537e-02
   1.5000000e+03   2.5000000e+03   5.0000000e+01   6.1586539e-03   1.0307933e-02  -2.5940809e-02   1.1297040e-02   1.1245868e-02   1.0562293e-02  -1.7368964e-02   1.0868448e-02
   1.5000000e+03   3.0000000e+03   5.0000000e+01  -8.5388755e-03   1.0426944e-02  -4.2510721e-02   1.2125536e-02   2.9645705e-03   1.0148229e-02  -3.3793125e-02   1.1689656e-02
   1.5000000e+03   3.5000000e+03   5.0000000e+01  -1.2792883e-02   1.0639644e-02  -3.4347607e-02   1.1717380e-02  -3.0576541e-02   1.1528827e-02  -5.9642845e-02   1.2982142e-02
   1.5000000e+03   4.0000000e+03   5.0000000e+01   6.7600089e-05   1.0003380e-02   7.8105611e-04   1.0039053e-02  -5.1883842e-02   1.2594192e-02  -7.2659503e-02   1.3632975e-02
   1.5000000e+03   4.5000000e+03   5.0000000e+01   1.3085887e-02   1.0654294e-02   3.6036465e-02   1.1801823e-02  -3.5338158e-02   1.1766908e-02  -5.6606787e-02   1.2830339e-02
   1.5000000e+03   5.0000000e+03   5.0000000e+01   9.0368675e-03   1.0451843e-02   4.4289948e-02   1.2214497e-02  -5.2399876e-03   1.0261999e-02  -2.8342660e-02   1.1417133e-02
   1.5000000e+03   5.5000000e+03   5.0000000e+01  -5.5717909e-03   1.0278590e-02   2.7149437e-02   1.1357472e-02   2.7486196e-03   1.0137431e-02  -1.1421623e-02   1.0571081e-02
   1.5000000e+03   6.0000000e+03   5.0000000e+01  -8.0846492e-03   1.0404232e-02   1.2556980e-02   1.0627849e-02   2.7465564e-03   1.0137328e-02  -4.4205044e-03   1.0221025e-02
   2.0000000e+03   0.0000000e+00   5.0000000e+01   2.9330532e-03   1.0146653e-02  -1.5493837e-03   1.0077469e-02   2.0617118e-03   1.0103086e-02  -1.0013860e-03   1.0050069e-02
   2.0000000e+03   5.0000000e+02   5.0000000e+01   4.5217305e-03   1.0226087e-02  -2.9386982e-03   1.0146935e-02   3.6998370e-03   1.0184992e-02  -2.6736958e-03   1.0133685e-02
   2.0000000e+03   1.0000000e+03   5.0000000e+01   6.8238494e-03   1.0341192e-02  -5.3117093e-03   1.0265585e-02   6.0466367e-03   1.0302332e-02  -6.2981800e-03   1.0314909e-02
   2.0000000e+03   1.5000000e+03   5.0000000e+01   9.9256732e-03   1.0496284e-02  -9.6107467e-03   1.0480537e-02   8.9055583e-03   1.0445278e-02  -1.2266762e-02   1.0613338e-02
   2.0000000e+03   2.0000000e+03   5.0000000e+01   1.2206526e-02   1.0610326e-02  -1.9964531e-02   1.0998227e-02   1.2206526e-02   1.0610326e-02  -1.9964531e-02   1.0998227e-02
   2.0000000e+03   2.5000000e+03   5.0000000e+01   6.3665052e-03   1.0318325e-02  -4.2661648e-02   1.2133082e-02   1.4881255e-02   1.0744063e-02  -2.8162445e-02   1.1408122e-02
   2.0000000e+03   3.0000000e+03   5.0000000e+01  -2.6063333e-02   1.1303167e-02  -7.5050550e-02   1.3752528e-02   1.1818236e-02   1.0590912e-02  -3.6858670e-02   1.1842933e-02
   2.0000000e+03   3.5000000e+03   5.0000000e+01  -3.2816086e-02   1.1640804e-02  -5.8856595e-02   1.2942830e-02  -2.2874081e-03   1.0114370e-02  -3.9446692e-02   1.1972335e-02
   2.0000000e+03   4.0000000e+03   5.0000000e+01   2.8933220e-04   1.0014467e-02   1.5406747e-03   1.0077034e-02  -1.2131370e-02   1.0606569e-02  -3.7066838e-02   1.1853342e-02
   2.0000000e+03   4.5000000e+03   5.0000000e+01   3.3700202e-02   1.1685010e-02   6.2129844e-02   1.3106492e-02  -8.6284881e-03   1.0431424e-02  -2.9707561e-02   1.1485378e-02
   2.0000000e+03   5.0000000e+03   5.0000000e+01   2.7361181e-02   1.1368059e-02   7.8441788e-02   1.3922089e-02  -2.4127266e-04   1.0012064e-02  -1.8242927e-02   1.0912146e-02
   2.0000000e+03   5.5000000e+03   5.0000000e+01  -4.9782347e-03   1.0248912e-02   4.4437129e-02   1.2221856e-02   2.6409522e-03   1.0132048e-02  -8.3826177e-03   1.0419131e-02
   2.0000000e+03   6.0000000e+03   5.0000000e+01  -1.0558615e-02   1.0527931e-02   1.9307986e-02   1.0965399e-02   2.2419008e-03   1.0112095e-02  -3.4694028e-03   1.0173470e-02
   2.5000000e+03   0.0000000e+00   5.0000000e+01   4.0215773e-03   1.0201079e-02  -3.2603936e-03   1.0163020e-02   2.3163590e-03   1.0115818e-02  -1.6253181e-03   1.0081266e-02
   2.5000000e+03   5.0000000e+02   5.0000000e+01   5.8195844e-03   1.0290979e-02  -6.5710197e-03   1.0328551e-02   4.0652706e-03   1.0203264e-02  -4.7279008e-03   1.0236395e-02
   2.5000000e+03   1.0000000e+03   5.0000000e+01   7.9203344e-03   1.0396017e-02  -1.1479759e-02   1.0573988e-02   5.7941412e-03   1.0289707e-02  -1.2282865e-02   1.0614143e-02
   2.5000000e+03   1.5000000e+03   5.0000000e+01   1.1245868e-02   1.0562293e-02  -1.7368964e-02   1.0868448e-02   6.1586539e-03   1.0307933e-02  -2.5940809e-02   1.1297040e-02
   2.5000000e+03   2.0000000e+03   5.0000000e+01   1.4881255e-02   1.0744063e-02  -2.8162445e-02   1.1408122e-02   6.3665052e-03   1.0318325e-02  -4.2661648e-02   1.2133082e-02
   2.5000000e+03   2.5000000e+03   5.0000000e+01   8.6235730e-03   1.0431179e-02  -5.4516940e-02   1.2725847e-02   8.6235730e-03   1.0431179e-02  -5.4516940e-02   1.2725847e-02
   2.5000000e+03   3.0000000e+03   5.0000000e+01  -3.0460325e-02   1.1523016e-02  -9.4192419e-02   1.4709621e-02   8.8595960e-03   1.0442980e-02  -5.5459371e-02   1.2772969e-02
   2.5000000e+03   3.5000000e+03   5.0000000e+01  -3.8620279e-02   1.1931014e-02  -7.0671444e-02   1.3533572e-02   4.7498922e-03   1.0237495e-02  -3.5762233e-02   1.1788112e-02
   2.5000000e+03   4.0000000e+03   5.0000000e+01   8.7523293e-04   1.0043762e-02   3.1779616e-03   1.0158898e-02   9.0724557e-04   1.0045362e-02  -1.8452970e-02   1.0922648e-02
   2.5000000e+03   4.5000000e+03   5.0000000e+01   4.0810962e-02   1.2040548e-02   7.7465799e-02   1.3873290e-02   6.0443646e-04   1.0030222e-02  -1.1939853e-02   1.0596993e-02
   2.5000000e+03   5.0000000e+03   5.0000000e+01   3.2840711e-02   1.1642036e-02   1.0090279e-01   1.5045140e-02   1.7077944e-03   1.0085390e-02  -8.1806717e-03   1.0409034e-02
   2.5000000e+03   5.5000000e+03   5.0000000e+01  -6.4926345e-03   1.0324632e-02   5.6970219e-02   1.2848511e-02   1.8930374e-03   1.0094652e-02  -4.3746536e-03   1.0218733e-02
   2.5000000e+03   6.0000000e+03   5.0000000e+01  -1.2921537e-02   1.0646077e-02   2.4401808e-02   1.1220090e-02   1.3953472e-03   1.0069767e-02  -2.0120474e-03   1.0100602e-02
   3.0000000e+03   0.0000000e+00   5.0000000e+01   4.8980347e-03   1.0244902e-02  -6.0571593e-03   1.0302858e-02   2.0398017e-03   1.0101990e-02  -1.9195185e-03   1.0095976e-02
   3.0000000e+03   5.0000000e+02   5.0000000e+01   5.8198845e-03   1.0290994e-02  -1.3294194e-02   1.0664710e-02   3.3041676e-03   1.0165208e-02  -6.0193054e-03   1.0300965e-02
   3.0000000e+03   1.0000000e+03   5.0000000e+01   3.8857975e-03   1.0194290e-02  -2.4646079e-02   1.1232304e-02   2.3151390e-03   1.0115757e-02  -1.7607378e-02   1.0880369e-02
   3.0000000e+03   1.5000000e+03   5.0000000e+01   2.9645705e-03   1.0148229e-02  -3.3793125e-02   1.1689656e-02  -8.5388755e-03   1.0426944e-02  -4.2510721e-02   1.2125536e-02
   3.0000000e+03   2.0000000e+03   5.0000000e+01   1.1818236e-02   1.0590912e-02  -3.6858670e-02   1.1842933e-02  -2.6063333e-02   1.1303167e-02  -7.5050550e-02   1.3752528e-02
   3.0000000e+03   2.5000000e+03   5.0000000e+01   8.8595960e-03   1.0442980e-02  -5.5459371e-02   1.2772969e-02  -3.0460325e-02   1.1523016e-02  -9.4192419e-02   1.4709621e-02
   3.0000000e+03   3.0000000e+03   5.0000000e+01  -2.7310113e-02   1.1365506e-02  -9.0065878e-02   1.4503294e-02  -2.7310113e-02   1.1365506e-02  -9.0065878e-02   1.4503294e-02
   3.0000000e+03   3.5000000e+03   5.0000000e+01  -3.4593166e-02   1.1729658e-02  -6.5329960e-02   1.3266498e-02  -8.8856722e-03   1.0444284e-02  -4.8186554e-02   1.2409328e-02
   3.0000000e+03   4.0000000e+03   5.0000000e+01   2.5031239e-03   1.0125156e-02   7.5023546e-03   1.0375118e-02   7.1115986e-04   1.0035558e-02  -1.4690271e-02   1.0734514e-02
   3.0000000e+03   4.5000000e+03   5.0000000e+01   4.1938522e-02   1.2096926e-02   8.3571057e-02   1.4178553e-02   1.0534972e-03   1.0052675e-02  -5.0935333e-03   1.0254677e-02
   3.0000000e+03   5.0000000e+03   5.0000000e+01   3.2705789e-02   1.1635289e-02   1.0886307e-01   1.5443154e-02   5.4695680e-04   1.0027348e-02  -2.3867711e-03   1.0119339e-02
   3.0000000e+03   5.5000000e+03   5.0000000e+01  -7.9017018e-03   1.0395085e-02   6.1776386e-02   1.3088819e-02   3.5630074e-04   1.0017815e-02  -1.2859051e-03   1.0064295e-02
   3.0000000e+03   6.0000000e+03   5.0000000e+01  -1.4136806e-02   1.0706840e-02   2.6483692e-02   1.1324185e-02   2.8030621e-04   1.0014015e-02  -6.7596260e-04   1.0033798e-02
   3.5000000e+03   0.0000000e+00   5.0000000e+01   5.2634924e-03   1.0263175e-02  -9.1385841e-03   1.0456929e-02   1.2054973e-03   1.0060275e-02  -1.3356536e-03   1.0066783e-02
   3.5000000e+03   5.0000000e+02   5.0000000e+01   3.9458681e-03   1.0197293e-02  -2.1649096e-02   1.1082455e-02   1.8132419e-03   1.0090662e-02  -4.4159658e-03   1.0220798e-02
   3.5000000e+03   1.0000000e+03   5.0000000e+01  -9.4398046e-03   1.0471990e-02  -4.4286793e-02   1.2214340e-02  -8.8693571e-05   1.0004435e-02  -1.3727583e-02   1.0686379e-02
   3.5000000e+03   1.5000000e+03   5.0000000e+01  -3.0576541e-02   1.1528827e-02  -5.9642845e-02   1.2982142e-02  -1.2792883e-02   1.0639644e-02  -3.4347607e-02   1.1717380e-02
   3.5000000e+03   2.0000000e+03   5.0000000e+01  -2.2874081e-03   1.0114370e-02  -3.9446692e-02   1.1972335e-02  -3.2816086e-02   1.1640804e-02  -5.8856595e-02   1.2942830e-02
   3.5000000e+03   2.5000000e+03   5.0000000e+01   4.7498922e-03   1.0237495e-02  -3.5762233e-02   1.1788112e-02  -3.8620279e-02   1.1931014e-02  -7.0671444e-02   1.3533572e-02
   3.5000000e+03   3.0000000e+03   5.0000000e+01  -8.8856722e-03   1.0444284e-02  -4.8186554e-02   1.2409328e-02  -3.4593166e-02   1.1729658e-02  -6.5329960e-02   1.3266498e-02
   3.5000000e+03   3.5000000e+03   5.0000000e+01  -1.2058179e-02   1.0602909e-02  -3.2186009e-02   1.1609300e-02  -1.2058179e-02   1.0602909e-02  -3.2186009e-02   1.1609300e-02
   3.5000000e+03   4.0000000e+03   5.0000000e+01   5.9534769e-03   1.0297674e-02   1.6114955e-02   1.0805748e-02   2.4797020e-04   1.0012399e-02  -5.1169039e-03   1.0255845e-02
   3.5000000e+03   4.5000000e+03   5.0000000e+01   4.1925788e-02   1.2096289e-02   8.3871140e-02   1.4193557e-02   3.2403578e-04   1.0016202e-02   2.2381973e-03   1.0111910e-02
   3.5000000e+03   5.0000000e+03   5.0000000e+01   3.2850903e-02   1.1642545e-02   1.0645532e-01   1.5322766e-02  -1.2769568e-03   1.0063848e-02   3.0980394e-03   1.0154902e-02
   3.5000000e+03   5.5000000e+03   5.0000000e+01  -7.2945090e-03   1.0364725e-02   6.0084012e-02   1.3004201e-02  -1.4212076e-03   1.0071060e-02   1.6790009e-03   1.0083950e-02
   3.5000000e+03   6.0000000e+03   5.0000000e+01  -1.3642369e-02   1.0682118e-02   2.5745603e-02   1.1287280e-02  -9.2803187e-04   1.0046402e-02   6.4653410e-04   1.0032327e-02
   4.0000000e+03   0.0000000e+00   5.0000000e+01   5.1755371e-03   1.0258777e-02  -1.0538700e-02   1.0526935e-02  -3.0527553e-05   1.0001526e-02   1.5175245e-04   1.0007588e-02
   4.0000000e+03   5.0000000e+02   5.0000000e+01   2.3538916e-03   1.0117695e-02  -2.5678813e-02   1.1283941e-02  -2.1290380e-05   1.0001065e-02   2.5524160e-04   1.0012762e-02
   4.0000000e+03   1.0000000e+03   5.0000000e+01  -1.8399376e-02   1.0919969e-02  -5.4613868e-02   1.2730693e-02   8.7876998e-06   1.0000439e-02   4.2356920e-04   1.0021178e-02
   4.0000000e+03   1.5000000e+03   5.0000000e+01  -5.1883842e-02   1.2594192e-02  -7.2659503e-02   1.3632975e-02   6.7600089e-05   1.0003380e-02   7.8105611e-04   1.0039053e-02
   4.0000000e+03   2.0000000e+03   5.0000000e+01  -1.2131370e-02   1.0606569e-02  -3.7066838e-02   1.1853342e-02   2.8933220e-04   1.0014467e-02   1.5406747e-03   1.0077034e-02
   4.0000000e+03   2.5000000e+03   5.0000000e+01   9.0724557e-04   1.0045362e-02  -1.8452970e-02   1.0922648e-02   8.7523293e-04   1.0043762e-02   3.1779616e-03   1.0158898e-02
   4.0000000e+03   3.0000000e+03   5.0000000e+01   7.1115986e-04   1.0035558e-02  -1.4690271e-02   1.0734514e-02   2.5031239e-03   1.0125156e-02   7.5023546e-03   1.0375118e-02
   4.0000000e+03   3.5000000e+03   5.0000000e+01   2.4797020e-04   1.0012399e-02  -5.1169039e-03   1.0255845e-02   5.9534769e-03   1.0297674e-02   1.6114955e-02   1.0805748e-02
   4.0000000e+03   4.0000000e+03   5.0000000e+01   6.8549360e-03   1.0342747e-02   2.1057340e-02   1.1052867e-02   6.8549360e-03   1.0342747e-02   2.1057340e-02   1.1052867e-02
   4.0000000e+03   4.5000000e+03   5.0000000e+01   3.8135429e-02   1.1906771e-02   7.4879160e-02   1.3743958e-02   2.9901218e-03   1.0149506e-02   1.8717891e-02   1.0935895e-02
   4.0000000e+03   5.0000000e+03   5.0000000e+01   3.0583432e-02   1.1529172e-02   9.0756178e-02   1.4537809e-02  -1.9420411e-03   1.0097102e-02   1.2488265e-02   1.0624413e-02
   4.0000000e+03   5.5000000e+03   5.0000000e+01  -5.5312762e-03   1.0276564e-02   5.0791748e-02   1.2539587e-02  -2.9535085e-03   1.0147675e-02   5.7196502e-03   1.0285983e-02
   4.0000000e+03   6.0000000e+03   5.0000000e+01  -1.1646076e-02   1.0582304e-02   2.1876789e-02   1.1093839e-02  -2.0691630e-03   1.0103458e-02   2.2168525e-03   1.0110843e-02
   4.5000000e+03   0.0000000e+00   5.0000000e+01   4.8727860e-03   1.0243639e-02  -9.2254925e-03   1.0461275e-02  -1.2678979e-03   1.0063395e-02   1.6347294e-03   1.0081736e-02
   4.5000000e+03   5.0000000e+02   5.0000000e+01   2.9411045e-03   1.0147055e-02  -2.1704918e-02   1.1085246e-02  -1.8588147e-03   1.0092941e-02   4.9332269e-03   1.0246661e-02
   4.5000000e+03   1.0000000e+03   5.0000000e+01  -1.1922143e-02   1.0596107e-02  -4.3748944e-02   1.2187447e-02   1.2801019e-04   1.0006401e-02   1.4635784e-02   1.0731789e-02
   4.5000000e+03   1.5000000e+03   5.0000000e+01  -3.5338158e-02   1.1766908e-02  -5.6606787e-02   1.2830339e-02   1.3085887e-02   1.0654294e-02   3.6036465e-02   1.1801823e-02
   4.5000000e+03   2.0000000e+03   5.0000000e+01  -8.6284881e-03   1.0431424e-02  -2.9707561e-02   1.1485378e-02   3.3700202e-02   1.1685010e-02   6.2129844e-02   1.3106492e-02
   4.5000000e+03   2.5000000e+03   5.0000000e+01   6.0443646e-04   1.0030222e-02  -1.1939853e-02   1.0596993e-02   4.0810962e-02   1.2040548e-02   7.7465799e-02   1.3873290e-02
   4.5000000e+03   3.0000000e+03   5.0000000e+01   1.0534972e-03   1.0052675e-02  -5.0935333e-03   1.0254677e-02   4.1938522e-02   1.2096926e-02   8.3571057e-02   1.4178553e-02
   4.5000000e+03   3.5000000e+03   5.0000000e+01   3.2403578e-04   1.0016202e-02   2.2381973e-03   1.0111910e-02   4.1925788e-02   1.2096289e-02   8.3871140e-02   1.4193557e-02
   4.5000000e+03   4.0000000e+03   5.0000000e+01   2.9901218e-03   1.0149506e-02   1.8717891e-02   1.0935895e-02   3.8135429e-02   1.1906771e-02   7.4879160e-02   1.3743958e-02
   4.5000000e+03   4.5000000e+03   5.0000000e+01   2.2079605e-02   1.1103980e-02   5.2871030e-02   1.2643552e-02   2.2079605e-02   1.1103980e-02   5.2871030e-02   1.2643552e-02
   4.5000000e+03   5.0000000e+03   5.0000000e+01   1.6915398e-02   1.0845770e-02   6.0193300e-02   1.3009665e-02   1.1963844e-03   1.0059819e-02   2.6098947e-02   1.1304947e-02
   4.5000000e+03   5.5000000e+03   5.0000000e+01  -5.4660217e-03   1.0273301e-02   3.4858174e-02   1.1742909e-02  -3.7833252e-03   1.0189166e-02   1.0086149e-02   1.0504307e-02
   4.5000000e+03   6.0000000e+03   5.0000000e+01  -9.2329497e-03   1.0461647e-02   1.5619423e-02   1.0780971e-02  -2.9468721e-03   1.0147344e-02   3.6553857e-03   1.0182769e-02
   5.0000000e+03   0.0000000e+00   5.0000000e+01   4.2229510e-03   1.0211148e-02  -6.1904101e-03   1.0309521e-02  -2.0979638e-03   1.0104898e-02   2.1949032e-03   1.0109745e-02
   5.0000000e+03   5.0000000e+02   5.0000000e+01   4.1278207e-03   1.0206391e-02  -1.3329269e-02   1.0666463e-02  -3.3423138e-03   1.0167116e-02   6.5144773e-03   1.0325724e-02
   5.0000000e+03   1.0000000e+03   5.0000000e+01  -1.9282756e-04   1.0009641e-02  -2.3580300e-02   1.1179015e-02  -2.2301913e-03   1.0111510e-02   1.8537039e-02   1.0926852e-02
   5.0000000e+03   1.5000000e+03   5.0000000e+01  -5.2399876e-03   1.0261999e-02  -2.8342660e-02   1.1417133e-02   9.0368675e-03   1.0451843e-02   4.4289948e-02   1.2214497e-02
   5.0000000e+03   2.0000000e+03   5.0000000e+01  -2.4127266e-04   1.0012064e-02  -1.8242927e-02   1.0912146e-02   2.7361181e-02   1.1368059e-02   7.8441788e-02   1.3922089e-02
   5.0000000e+03   2.5000000e+03   5.0000000e+01   1.7077944e-03   1.0085390e-02  -8.1806717e-03   1.0409034e-02   3.2840711e-02   1.1642036e-02   1.0090279e-01   1.5045140e-02
   5.0000000e+03   3.0000000e+03   5.0000000e+01   5.4695680e-04   1.0027348e-02  -2.3867711e-03   1.0119339e-02   3.2705789e-02   1.1635289e-02   1.0886307e-01   1.5443154e-02
   5.0000000e+03   3.5000000e+03   5.0000000e+01  -1.2769568e-03   1.0063848e-02   3.0980394e-03   1.0154902e-02   3.2850903e-02   1.1642545e-02   1.0645532e-01   1.5322766e-02
   5.0000000e+03   4.0000000e+03   5.0000000e+01  -1.9420411e-03   1.0097102e-02   1.2488265e-02   1.0624413e-02   3.0583432e-02   1.1529172e-02   9.0756178e-02   1.4537809e-02
   5.0000000e+03   4.5000000e+03   5.0000000e+01   1.1963844e-03   1.0059819e-02   2.6098947e-02   1.1304947e-02   1.6915398e-02   1.0845770e-02   6.0193300e-02   1.3009665e-02
   5.0000000e+03   5.0000000e+03   5.0000000e+01  -6.5150539e-04   1.0032575e-02   2.8519087e-02   1.1425954e-02  -6.5150539e-04   1.0032575e-02   2.8519087e-02   1.1425954e-02
   5.0000000e+03   5.5000000e+03   5.0000000e+01  -6.3694400e-03   1.0318472e-02   1.8519479e-02   1.0925974e-02  -4.6492296e-03   1.0232461e-02   1.0950682e-02   1.0547534e-02
   5.0000000e+03   6.0000000e+03   5.0000000e+01  -6.9114525e-03   1.0345573e-02   9.0899025e-03   1.0454495e-02  -3.4251445e-03   1.0171257e-02   3.9630409e-03   1.0198152e-02
   5.5000000e+03   0.0000000e+00   5.0000000e+01   3.2095427e-03   1.0160477e-02  -3.3836895e-03   1.0169184e-02  -2.3564871e-03   1.0117824e-02   1.8585035e-03   1.0092925e-02
   5.5000000e+03   5.0000000e+02   5.0000000e+01   3.8798835e-03   1.0193994e-02  -6.5333818e-03   1.0326669e-02  -4.0644164e-03   1.0203221e-02   5.1382844e-03   1.0256914e-02
   5.5000000e+03   1.0000000e+03   5.0000000e+01   3.5084880e-03   1.0175424e-02  -1.0163559e-02   1.0508178e-02  -5.6316338e-03   1.0281582e-02   1.3006994e-02   1.0650350e-02
   5.5000000e+03   1.5000000e+03   5.0000000e+01   2.7486196e-03   1.0137431e-02  -1.1421623e-02   1.0571081e-02  -5.5717909e-03   1.0278590e-02   2.7149437e-02   1.1357472e-02
   5.5000000e+03   2.0000000e+03   5.0000000e+01   2.6409522e-03   1.0132048e-02  -8.3826177e-03   1.0419131e-02  -4.9782347e-03   1.0248912e-02   4.4437129e-02   1.2221856e-02
   5.5000000e+03   2.5000000e+03   5.0000000e+01   1.8930374e-03   1.0094652e-02  -4.3746536e-03   1.0218733e-02  -6.4926345e-03   1.0324632e-02   5.6970219e-02   1.2848511e-02
   5.5000000e+03   3.0000000e+03   5.0000000e+01   3.5630074e-04   1.0017815e-02  -1.2859051e-03   1.0064295e-02  -7.9017018e-03   1.0395085e-02   6.1776386e-02   1.3088819e-02
   5.5000000e+03   3.5000000e+03   5.0000000e+01  -1.4212076e-03   1.0071060e-02   1.6790009e-03   1.0083950e-02  -7.2945090e-03   1.0364725e-02   6.0084012e-02   1.3004201e-02
   5.5000000e+03   4.0000000e+03   5.0000000e+01  -2.9535085e-03   1.0147675e-02   5.7196502e-03   1.0285983e-02  -5.5312762e-03   1.0276564e-02   5.0791748e-02   1.2539587e-02
   5.5000000e+03   4.5000000e+03   5.0000000e+01  -3.7833252e-03   1.0189166e-02   1.0086149e-02   1.0504307e-02  -5.4660217e-03   1.0273301e-02   3.4858174e-02   1.1742909e-02
   5.5000000e+03   5.0000000e+03   5.0000000e+01  -4.6492296e-03   1.0232461e-02   1.0950682e-02   1.0547534e-02  -6.3694400e-03   1.0318472e-02   1.8519479e-02   1.0925974e-02
   5.5000000e+03   5.5000000e+03   5.0000000e+01  -5.3349474e-03   1.0266747e-02   7.9766495e-03   1.0398832e-02  -5.3349474e-03   1.0266747e-02   7.9766495e-03   1.0398832e-02
   5.5000000e+03   6.0000000e+03   5.0000000e+01  -4.6866112e-03   1.0234331e-02   4.3729376e-03   1.0218647e-02  -3.4142668e-03   1.0170713e-02   3.0974254e-03   1.0154871e-02
   6.0000000e+03   0.0000000e+00   5.0000000e+01   2.1282998e-03   1.0106415e-02  -1.6227853e-03   1.0081139e-02  -2.0730248e-03   1.0103651e-02   1.1766384e-03   1.0058832e-02
   6.0000000e+03   5.0000000e+02   5.0000000e+01   2.7088389e-03   1.0135442e-02  -2.8336946e-03   1.0141685e-02  -3.6298843e-03   1.0181494e-02   2.9489709e-03   1.0147449e-02
   6.0000000e+03   1.0000000e+03   5.0000000e+01   2.9255648e-03   1.0146278e-02  -4.0494025e-03   1.0202470e-02  -5.7401779e-03   1.0287009e-02   6.6708436e-03   1.0333542e-02
   6.0000000e+03   1.5000000e+03   5.0000000e+01   2.7465564e-03   1.0137328e-02  -4.4205044e-03   1.0221025e-02  -8.0846492e-03   1.0404232e-02   1.2556980e-02   1.0627849e-02
   6.0000000e+03   2.0000000e+03   5.0000000e+01   2.2419008e-03   1.0112095e-02  -3.4694028e-03   1.0173470e-02  -1.0558615e-02   1.0527931e-02   1.9307986e-02   1.0965399e-02
   6.0000000e+03   2.5000000e+03   5.0000000e+01   1.3953472e-03   1.0069767e-02  -2.0120474e-03   1.0100602e-02  -1.2921537e-02   1.0646077e-02   2.4401808e-02   1.1220090e-02
   6.0000000e+03   3.0000000e+03   5.0000000e+01   2.8030621e-04   1.0014015e-02  -6.7596260e-04   1.0033798e-02  -1.4136806e-02   1.0706840e-02   2.6483692e-02   1.1324185e-02
   6.0000000e+03   3.5000000e+03   5.0000000e+01  -9.2803187e-04   1.0046402e-02   6.4653410e-04   1.0032327e-02  -1.3642369e-02   1.0682118e-02   2.5745603e-02   1.1287280e-02
   6.0000000e+03   4.0000000e+03   5.0000000e+01  -2.0691630e-03   1.0103458e-02   2.2168525e-03   1.0110843e-02  -1.1646076e-02   1.0582304e-02   2.1876789e-02   1.1093839e-02
   6.0000000e+03   4.5000000e+03   5.0000000e+01  -2.9468721e-03   1.0147344e-02   3.6553857e-03   1.0182769e-02  -9.2329497e-03   1.0461647e-02   1.5619423e-02   1.0780971e-02
   6.0000000e+03   5.0000000e+03   5.0000000e+01  -3.4251445e-03   1.0171257e-02   3.9630409e-03   1.0198152e-02  -6.9114525e-03   1.0345573e-02   9.0899025e-03   1.0454495e-02
   6.0000000e+03   5.5000000e+03   5.0000000e+01  -3.4142668e-03   1.0170713e-02   3.0974254e-03   1.0154871e-02  -4.6866112e-03   1.0234331e-02   4.3729376e-03   1.0218647e-02
   6.0000000e+03   6.0000000e+03   5.0000000e+01  -2.8533312e-03   1.0142667e-02   1.8698826e-03   1.0093494e-02  -2.8533312e-03   1.0142667e-02   1.8698826e-03   1.0093494e-02

DATATYPE MTH
FREQUENCY 200
N_RECV 169
   0.0000000e+00   0.0000000e+00   5.0000000e+01   9.3787985e-05   5.0046894e-03   3.5830780e-05   5.0017915e-03   9.3787985e-05   5.0046894e-03   3.5830780e-05   5.0017915e-03
   0.0000000e+00   5.0000000e+02   5.0000000e+01   7.9178030e-05   5.0039589e-03   4.5055175e-05   5.0022528e-03   1.1649009e-04   5.0058245e-03   4.7891850e-05   5.0023946e-03
   0.0000000e+00   1.0000000e+03   5.0000000e+01   8.4262757e-05   5.0042131e-03   5.3108645e-05   5.0026554e-03   1.4242419e-04   5.0071212e-03   6.5241576e-05   5.0032621e-03
   0.0000000e+00   1.5000000e+03   5.0000000e+01   9.6627687e-05   5.0048314e-03   6.5581208e-05   5.0032791e-03   1.7753938e-04   5.0088770e-03   9.0386910e-05   5.0045193e-03
   0.0000000e+00   2.0000000e+03   5.0000000e+01   1.1089274e-04   5.0055446e-03   8.8825740e-05   5.0044413e-03   2.3330735e-04   5.0116654e-03   1.3714390e-04   5.0068572e-03
   0.0000000e+00   2.5000000e+03   5.0000000e+01   1.2916192e-04   5.0064581e-03   1.2457466e-04   5.0062287e-03   3.2634312e-04   5.0163172e-03   2.3919536e-04   5.0119598e-03
   0.0000000e+00   3.0000000e+03   5.0000000e+01   1.4333069e-04   5.0071665e-03   1.4188823e-04   5.0070944e-03   5.1763882e-04   5.0258819e-03   4.3647649e-04   5.0218238e-03
   0.0000000e+00   3.5000000e+03   5.0000000e+01   1.0066480e-04   5.0050332e-03   9.7087412e-05   5.0048544e-03   8.0043986e-04   5.0400220e-03   6.6275340e-04   5.0331377e-03
   0.0000000e+00   4.0000000e+03   5.0000000e+01  -1.9276873e-05   5.0009638e-03  -8.0437791e-06   5.0004022e-03   9.4320920e-04   5.0471605e-03   7.6011072e-04   5.0380055e-03
   0.0000000e+00   4.5000000e+03   5.0000000e+01  -1.3830843e-04   5.0069154e-03  -1.1261663e-04   5.0056308e-03   7.8299883e-04   5.0391499e-03   6.5045660e-04   5.0325228e-03
   0.0000000e+00   5.0000000e+03   5.0000000e+01  -1.7854960e-04   5.0089275e-03  -1.5600536e-04   5.0078003e-03   4.8777768e-04   5.0243889e-03   4.1392977e-04   5.0206965e-03
   0.0000000e+00   5.5000000e+03   5.0000000e+01  -1.6556427e-04   5.0082782e-03  -1.3683804e-04   5.0068419e-03   2.8785107e-04   5.0143926e-03   2.0981190e-04   5.0104906e-03
   0.0000000e+00   6.0000000e+03   5.0000000e+01  -1.6328474e-04   5.0081642e-03  -9.5367190e-05   5.0047684e-03   1.8893133e-04   5.0094466e-03   1.0517265e-04   5.0052586e-03
   5.0000000e+02   0.0000000e+00   5.0000000e+01   1.1649009e-04   5.0058245e-03   4.7891850e-05   5.0023946e-03   7.9178030e-05   5.0039589e-03   4.5055175e-05   5.0022528e-03
   5.0000000e+02   5.0000000e+02   5.0000000e+01   1.0923452e-04   5.0054617e-03   6.2591540e-05   5.0031296e-03   1.0923452e-04   5.0054617e-03   6.2591540e-05   5.0031296e-03
   5.0000000e+02   1.0000000e+03   5.0000000e+01   1.2516345e-04   5.0062582e-03   8.0045904e-05   5.0040023e-03   1.4715137e-04   5.0073576e-03   8.9066800e-05   5.0044533e-03
   5.0000000e+02   1.5000000e+03   5.0000000e+01   1.5377598e-04   5.0076888e-03   1.1505791e-04   5.0057529e-03   2.0088631e-04   5.0100443e-03   1.3258465e-04   5.0066292e-03
   5.0000000e+02   2.0000000e+03   5.0000000e+01   2.1499098e-04   5.0107495e-03   2.0518757e-04   5.0102594e-03   3.0802180e-04   5.0154011e-03   2.3716917e-04   5.0118585e-03
   5.0000000e+02   2.5000000e+03   5.0000000e+01   3.7895508e-04   5.0189478e-03   3.5835746e-04   5.0179179e-03   6.0574717e-04   5.0302874e-03   4.9549772e-04   5.0247749e-03
   5.0000000e+02   3.0000000e+03   5.0000000e+01   6.2040064e-04   5.0310200e-03   4.2302518e-04   5.0211513e-03   1.5461604e-03   5.0773080e-03   9.2696781e-04   5.0463484e-03
   5.0000000e+02   3.5000000e+03   5.0000000e+01   5.2178600e-04   5.0260893e-03   2.8473184e-04   5.0142366e-03   3.1848643e-03   5.1592432e-03   1.2115757e-03   5.0605788e-03
   5.0000000e+02   4.0000000e+03   5.0000000e+01  -3.3571245e-05   5.0016786e-03  -1.1905658e-05   5.0005953e-03   4.0777312e-03   5.2038866e-03   1.2792432e-03   5.0639622e-03
   5.0000000e+02   4.5000000e+03   5.0000000e+01  -5.8539116e-04   5.0292696e-03  -3.0765404e-04   5.0153827e-03   3.1526765e-03   5.1576338e-03   1.1885697e-03   5.0594285e-03
   5.0000000e+02   5.0000000e+03   5.0000000e+01  -6.7469052e-04   5.0337345e-03  -4.4311489e-04   5.0221557e-03   1.4912713e-03   5.0745636e-03   8.8472684e-04   5.0442363e-03
   5.0000000e+02   5.5000000e+03   5.0000000e+01  -4.2675178e-04   5.0213376e-03  -3.7371861e-04   5.0186859e-03   5.3580728e-04   5.0267904e-03   4.4083245e-04   5.0220416e-03
   5.0000000e+02   6.0000000e+03   5.0000000e+01  -2.7199673e-04   5.0135998e-03  -2.1150909e-04   5.0105755e-03   2.3238763e-04   5.0116194e-03   1.7937520e-04   5.0089688e-03
   1.0000000e+03   0.0000000e+00   5.0000000e+01   1.4242419e-04   5.0071212e-03   6.5241576e-05   5.0032621e-03   8.4262757e-05   5.0042131e-03   5.3108645e-05   5.0026554e-03
   1.0000000e+03   5.0000000e+02   5.0000000e+01   1.4715137e-04   5.0073576e-03   8.9066800e-05   5.0044533e-03   1.2516345e-04   5.0062582e-03   8.0045904e-05   5.0040023e-03
   1.0000000e+03   1.0000000e+03   5.0000000e+01   1.7921041e-04   5.0089605e-03   1.2534194e-04   5.0062671e-03   1.7921041e-04   5.0089605e-03   1.2534194e-04   5.0062671e-03
   1.0000000e+03   1.5000000e+03   5.0000000e+01   2.4195992e-04   5.0120980e-03   2.1659891e-04   5.0108299e-03   2.5971698e-04   5.0129858e-03   2.0530746e-04   5.0102654e-03
   1.0000000e+03   2.0000000e+03   5.0000000e+01   4.9593920e-04   5.0247970e-03   4.8377000e-04   5.0241885e-03   4.6746055e-04   5.0233730e-03   3.9433394e-04   5.0197167e-03
   1.0000000e+03   2.5000000e+03   5.0000000e+01   1.4279867e-03   5.0713993e-03   8.3514415e-04   5.0417572e-03   1.2743452e-03   5.0637173e-03   7.6650577e-04   5.0383253e-03
   1.0000000e+03   3.0000000e+03   5.0000000e+01   3.0896249e-03   5.1544812e-03   3.4303615e-04   5.0171518e-03   4.4538947e-03   5.2226947e-03   4.1073100e-04   5.0205366e-03
   1.0000000e+03   3.5000000e+03   5.0000000e+01   2.7530605e-03   5.1376530e-03  -1.3734662e-04   5.0068673e-03   1.0705794e-02   5.5352897e-03  -3.2103671e-03   5.1605184e-03
   1.0000000e+03   4.0000000e+03   5.0000000e+01  -6.2439965e-05   5.0031220e-03  -1.5735481e-05   5.0007868e-03   1.4386660e-02   5.7193330e-03  -5.5627998e-03   5.2781400e-03
   1.0000000e+03   4.5000000e+03   5.0000000e+01  -2.8686167e-03   5.1434308e-03   1.0545751e-04   5.0052729e-03   1.0653619e-02   5.5326809e-03  -3.2674826e-03   5.1633741e-03
   1.0000000e+03   5.0000000e+03   5.0000000e+01  -3.1800493e-03   5.1590025e-03  -3.7363526e-04   5.0186818e-03   4.3648792e-03   5.2182440e-03   3.0397850e-04   5.0151989e-03
   1.0000000e+03   5.5000000e+03   5.0000000e+01  -1.4933598e-03   5.0746680e-03  -8.5625021e-04   5.0428125e-03   1.1519938e-03   5.0575997e-03   6.3313339e-04   5.0316567e-03
   1.0000000e+03   6.0000000e+03   5.0000000e+01  -5.5389650e-04   5.0276948e-03  -4.8768314e-04   5.0243842e-03   3.3483482e-04   5.0167417e-03   2.6234112e-04   5.0131171e-03
   1.5000000e+03   0.0000000e+00   5.0000000e+01   1.7753938e-04   5.0088770e-03   9.0386910e-05   5.0045193e-03   9.6627687e-05   5.0048314e-03   6.5581208e-05   5.0032791e-03
   1.5000000e+03   5.0000000e+02   5.0000000e+01   2.0088631e-04   5.0100443e-03   1.3258465e-04   5.0066292e-03   1.5377598e-04   5.0076888e-03   1.1505791e-04   5.0057529e-03
   1.5000000e+03   1.0000000e+03   5.0000000e+01   2.5971698e-04   5.0129858e-03   2.0530746e-04   5.0102654e-03   2.4195992e-04   5.0120980e-03   2.1659891e-04   5.0108299e-03
   1.5000000e+03   1.5000000e+03   5.0000000e+01   3.8651178e-04   5.0193256e-03   3.9203712e-04   5.0196019e-03   3.8651178e-04   5.0193256e-03   3.9203712e-04   5.0196019e-03
   1.5000000e+03   2.0000000e+03   5.0000000e+01   1.0879619e-03   5.0543981e-03   9.2415838e-04   5.0462079e-03   7.0770395e-04   5.0353852e-03   6.8898018e-04   5.0344490e-03
   1.5000000e+03   2.5000000e+03   5.0000000e+01   4.0576235e-03   5.2028812e-03   1.1059722e-03   5.0552986e-03   1.8541784e-03   5.0927089e-03   1.0116716e-03   5.0505836e-03
   1.5000000e+03   3.0000000e+03   5.0000000e+01   1.0024272e-02   5.5012136e-03  -4.1005891e-03   5.2050295e-03   6.5121879e-03   5.3256094e-03  -1.4182395e-03   5.0709120e-03
   1.5000000e+03   3.5000000e+03   5.0000000e+01   9.0073889e-03   5.4503694e-03  -5.7618135e-03   5.2880907e-03   1.5226518e-02   5.7613259e-03  -1.6622261e-02   5.8311130e-03
   1.5000000e+03   4.0000000e+03   5.0000000e+01  -1.2048275e-04   5.0060241e-03  -2.5891485e-05   5.0012946e-03   2.0898802e-02   6.0449401e-03  -2.5813689e-02   6.2906845e-03
   1.5000000e+03   4.5000000e+03   5.0000000e+01  -9.2293219e-03   5.4614661e-03   5.7100943e-03   5.2855047e-03   1.5112331e-02   5.7556165e-03  -1.6841145e-02   5.8420573e-03
   1.5000000e+03   5.0000000e+03   5.0000000e+01  -1.0189807e-02   5.5094904e-03   4.0459607e-03   5.2022980e-03   6.3192487e-03   5.3159624e-03  -1.8232724e-03   5.0911636e-03
   1.5000000e+03   5.5000000e+03   5.0000000e+01  -4.1560217e-03   5.2078011e-03  -1.1369834e-03   5.0568492e-03   1.5610889e-03   5.0780544e-03   5.5312261e-04   5.0276561e-03
   1.5000000e+03   6.0000000e+03   5.0000000e+01  -1.1381401e-03   5.0569070e-03  -9.1308663e-04   5.0456543e-03   3.9992198e-04   5.0199961e-03   2.7987420e-04   5.0139937e-03
   2.0000000e+03   0.0000000e+00   5.0000000e+01   2.3330735e-04   5.0116654e-03   1.3714390e-04   5.0068572e-03   1.1089274e-04   5.0055446e-03   8.8825740e-05   5.0044413e-03
   2.0000000e+03   5.0000000e+02   5.0000000e+01   3.0802180e-04   5.0154011e-03   2.3716917e-04   5.0118585e-03   2.1499098e-04   5.0107495e-03   2.0518757e-04   5.0102594e-03
   2.0000000e+03   1.0000000e+03   5.0000000e+01   4.6746055e-04   5.0233730e-03   3.9433394e-04   5.0197167e-03   4.9593920e-04   5.0247970e-03   4.8377000e-04   5.0241885e-03
   2.0000000e+03   1.5000000e+03   5.0000000e+01   7.0770395e-04   5.0353852e-03   6.8898018e-04   5.0344490e-03   1.0879619e-03   5.0543981e-03   9.2415838e-04   5.0462079e-03
   2.0000000e+03   2.0000000e+03   5.0000000e+01   1.8729472e-03   5.0936474e-03   1.4757039e-03   5.0737852e-03   1.8729472e-03   5.0936474e-03   1.4757039e-03   5.0737852e-03
   2.0000000e+03   2.5000000e+03   5.0000000e+01   7.3486590e-03   5.3674330e-03   1.2543158e-03   5.0627158e-03   2.7930263e-03   5.1396513e-03   1.9952832e-03   5.0997642e-03
   2.0000000e+03   3.0000000e+03   5.0000000e+01   1.9324365e-02   5.9662182e-03  -1.1901259e-02   5.5950629e-03   4.9609112e-03   5.2480456e-03   1.4085086e-03   5.0704254e-03
   2.0000000e+03   3.5000000e+03   5.0000000e+01   1.7170775e-02   5.8585388e-03  -1.5726013e-02   5.7863006e-03   8.5959763e-03   5.4297988e-03  -2.6381555e-03   5.1319078e-03
   2.0000000e+03   4.0000000e+03   5.0000000e+01  -2.8102510e-04   5.0140513e-03  -4.0199160e-05   5.0020100e-03   1.0407232e-02   5.5203616e-03  -5.3107657e-03   5.2655383e-03
   2.0000000e+03   4.5000000e+03   5.0000000e+01  -1.7693376e-02   5.8846688e-03   1.5642002e-02   5.7821001e-03   7.8302821e-03   5.3915141e-03  -3.4008819e-03   5.1700441e-03
   2.0000000e+03   5.0000000e+03   5.0000000e+01  -1.9707190e-02   5.9853595e-03   1.1793217e-02   5.5896608e-03   3.5589940e-03   5.1779497e-03  -7.8567065e-05   5.0039284e-03
   2.0000000e+03   5.5000000e+03   5.0000000e+01  -7.5265783e-03   5.3763289e-03  -1.2949656e-03   5.0647483e-03   1.0531274e-03   5.0526564e-03   4.5006121e-04   5.0225031e-03
   2.0000000e+03   6.0000000e+03   5.0000000e+01  -1.8363902e-03   5.0918195e-03  -1.3911989e-03   5.0695599e-03   3.1299795e-04   5.0156499e-03   2.1238937e-04   5.0106195e-03
   2.5000000e+03   0.0000000e+00   5.0000000e+01   3.2634312e-04   5.0163172e-03   2.3919536e-04   5.0119598e-03   1.2916192e-04   5.0064581e-03   1.2457466e-04   5.0062287e-03
   2.5000000e+03   5.0000000e+02   5.0000000e+01   6.0574717e-04   5.0302874e-03   4.9549772e-04   5.0247749e-03   3.7895508e-04   5.0189478e-03   3.5835746e-04   5.0179179e-03
   2.5000000e+03   1.0000000e+03   5.0000000e+01   1.2743452e-03   5.0637173e-03   7.6650577e-04   5.0383253e-03   1.4279867e-03   5.0713993e-03   8.3514415e-04   5.0417572e-03
   2.5000000e+03   1.5000000e+03   5.0000000e+01   1.8541784e-03   5.0927089e-03   1.0116716e-03   5.0505836e-03   4.0576235e-03   5.2028812e-03   1.1059722e-03   5.0552986e-03
   2.5000000e+03   2.0000000e+03   5.0000000e+01   2.7930263e-03   5.1396513e-03   1.9952832e-03   5.0997642e-03   7.3486590e-03   5.3674330e-03   1.2543158e-03   5.0627158e-03
   2.5000000e+03   2.5000000e+03   5.0000000e+01   9.0538533e-03   5.4526927e-03   1.9471961e-03   5.0973598e-03   9.0538533e-03   5.4526927e-03   1.9471961e-03   5.0973598e-03
   2.5000000e+03   3.0000000e+03   5.0000000e+01   2.4069450e-02   6.2034725e-03  -1.2895542e-02   5.6447771e-03   8.8927081e-03   5.4446354e-03   2.2598921e-03   5.1129946e-03
   2.5000000e+03   3.5000000e+03   5.0000000e+01   2.1118324e-02   6.0559162e-03  -1.7629145e-02   5.8814573e-03   6.2797335e-03   5.3139867e-03   1.1876047e-03   5.0593802e-03
   2.5000000e+03   4.0000000e+03   5.0000000e+01  -7.1678125e-04   5.0358391e-03  -1.6864858e-05   5.0008432e-03   3.8766072e-03   5.1938304e-03   1.6052337e-04   5.0080262e-03
   2.5000000e+03   4.5000000e+03   5.0000000e+01  -2.2513261e-02   6.1256630e-03   1.7615783e-02   5.8807892e-03   2.4347568e-03   5.1217378e-03   1.0907306e-04   5.0054537e-03
   2.5000000e+03   5.0000000e+03   5.0000000e+01  -2.5113872e-02   6.2556936e-03   1.2778446e-02   5.6389223e-03   1.2361259e-03   5.0618063e-03   3.3822264e-04   5.0169111e-03
   2.5000000e+03   5.5000000e+03   5.0000000e+01  -9.4125367e-03   5.4706268e-03  -1.9803544e-03   5.0990177e-03   4.7105686e-04   5.0235528e-03   2.5261983e-04   5.0126310e-03
   2.5000000e+03   6.0000000e+03   5.0000000e+01  -2.2461572e-03   5.1123079e-03  -1.7854381e-03   5.0892719e-03   1.7564449e-04   5.0087822e-03   1.1650527e-04   5.0058253e-03
   3.0000000e+03   0.0000000e+00   5.0000000e+01   5.1763882e-04   5.0258819e-03   4.3647649e-04   5.0218238e-03   1.4333069e-04   5.0071665e-03   1.4188823e-04   5.0070944e-03
   3.0000000e+03   5.0000000e+02   5.0000000e+01   1.5461604e-03   5.0773080e-03   9.2696781e-04   5.0463484e-03   6.2040064e-04   5.0310200e-03   4.2302518e-04   5.0211513e-03
   3.0000000e+03   1.0000000e+03   5.0000000e+01   4.4538947e-03   5.2226947e-03   4.1073100e-04   5.0205366e-03   3.0896249e-03   5.1544812e-03   3.4303615e-04   5.0171518e-03
   3.0000000e+03   1.5000000e+03   5.0000000e+01   6.5121879e-03   5.3256094e-03  -1.4182395e-03   5.0709120e-03   1.0024272e-02   5.5012136e-03  -4.1005891e-03   5.2050295e-03
   3.0000000e+03   2.0000000e+03   5.0000000e+01   4.9609112e-03   5.2480456e-03   1.4085086e-03   5.0704254e-03   1.9324365e-02   5.9662182e-03  -1.1901259e-02   5.5950629e-03
   3.0000000e+03   2.5000000e+03   5.0000000e+01   8.8927081e-03   5.4446354e-03   2.2598921e-03   5.1129946e-03   2.4069450e-02   6.2034725e-03  -1.2895542e-02   5.6447771e-03
   3.0000000e+03   3.0000000e+03   5.0000000e+01   2.2492330e-02   6.1246165e-03  -1.1382811e-02   5.5691406e-03   2.2492330e-02   6.1246165e-03  -1.1382811e-02   5.5691406e-03
   3.0000000e+03   3.5000000e+03   5.0000000e+01   1.9166119e-02   5.9583060e-03  -1.5884654e-02   5.7942327e-03   1.1616574e-02   5.5808287e-03  -3.8222934e-03   5.1911147e-03
   3.0000000e+03   4.0000000e+03   5.0000000e+01  -2.0185753e-03   5.1009288e-03   2.9705869e-04   5.0148529e-03   3.0688482e-03   5.1534424e-03   2.2202630e-05   5.0011101e-03
   3.0000000e+03   4.5000000e+03   5.0000000e+01  -2.3942572e-02   6.1971286e-03   1.7427097e-02   5.8713548e-03   8.8220796e-04   5.0441104e-03   1.9769586e-04   5.0098848e-03
   3.0000000e+03   5.0000000e+03   5.0000000e+01  -2.6400976e-02   6.3200488e-03   1.2243110e-02   5.6121555e-03   3.5118909e-04   5.0175595e-03   1.1133915e-04   5.0055670e-03
   3.0000000e+03   5.5000000e+03   5.0000000e+01  -9.8844731e-03   5.4942237e-03  -2.3904921e-03   5.1195246e-03   1.4001330e-04   5.0070007e-03   6.7620803e-05   5.0033810e-03
   3.0000000e+03   6.0000000e+03   5.0000000e+01  -2.3611713e-03   5.1180586e-03  -1.9513321e-03   5.0975666e-03   5.6950968e-05   5.0028475e-03   3.2979559e-05   5.0016490e-03
   3.5000000e+03   0.0000000e+00   5.0000000e+01   8.0043986e-04   5.0400220e-03   6.6275340e-04   5.0331377e-03   1.0066480e-04   5.0050332e-03   9.7087412e-05   5.0048544e-03
   3.5000000e+03   5.0000000e+02   5.0000000e+01   3.1848643e-03   5.1592432e-03   1.2115757e-03   5.0605788e-03   5.2178600e-04   5.0260893e-03   2.8473184e-04   5.0142366e-03
   3.5000000e+03   1.0000000e+03   5.0000000e+01   1.0705794e-02   5.5352897e-03  -3.2103671e-03   5.1605184e-03   2.7530605e-03   5.1376530e-03  -1.3734662e-04   5.0068673e-03
   3.5000000e+03   1.5000000e+03   5.0000000e+01   1.5226518e-02   5.7613259e-03  -1.6622261e-02   5.8311130e-03   9.0073889e-03   5.4503694e-03  -5.7618135e-03   5.2880907e-03
   3.5000000e+03   2.0000000e+03   5.0000000e+01   8.5959763e-03   5.4297988e-03  -2.6381555e-03   5.1319078e-03   1.7170775e-02   5.8585388e-03  -1.5726013e-02   5.7863006e-03
   3.5000000e+03   2.5000000e+03   5.0000000e+01   6.2797335e-03   5.3139867e-03   1.1876047e-03   5.0593802e-03   2.1118324e-02   6.0559162e-03  -1.7629145e-02   5.8814573e-03
   3.5000000e+03   3.0000000e+03   5.0000000e+01   1.1616574e-02   5.5808287e-03  -3.8222934e-03   5.1911147e-03   1.9166119e-02   5.9583060e-03  -1.5884654e-02   5.7942327e-03
   3.5000000e+03   3.5000000e+03   5.0000000e+01   8.9666879e-03   5.4483344e-03  -5.7091814e-03   5.2854591e-03   8.9666879e-03   5.4483344e-03  -5.7091814e-03   5.2854591e-03
   3.5000000e+03   4.0000000e+03   5.0000000e+01  -4.6908828e-03   5.2345441e-03   1.4769781e-03   5.0738489e-03   1.0969271e-03   5.0548464e-03  -2.8580989e-04   5.0142905e-03
   3.5000000e+03   4.5000000e+03   5.0000000e+01  -2.4113740e-02   6.2056870e-03   1.7577263e-02   5.8788631e-03  -5.4739127e-04   5.0273696e-03   3.8477975e-05   5.0019239e-03
   3.5000000e+03   5.0000000e+03   5.0000000e+01  -2.6140942e-02   6.3070471e-03   1.2482621e-02   5.6241311e-03  -4.1303753e-04   5.0206519e-03  -1.5130759e-04   5.0075654e-03
   3.5000000e+03   5.5000000e+03   5.0000000e+01  -9.7782549e-03   5.4889127e-03  -2.2336045e-03   5.1116802e-03  -1.7036287e-04   5.0085181e-03  -1.1121933e-04   5.0055610e-03
   3.5000000e+03   6.0000000e+03   5.0000000e+01  -2.3410317e-03   5.1170516e-03  -1.8927558e-03   5.0946378e-03  -6.5021641e-05   5.0032511e-03  -4.9682675e-05   5.0024841e-03
   4.0000000e+03   0.0000000e+00   5.0000000e+01   9.4320920e-04   5.0471605e-03   7.6011072e-04   5.0380055e-03  -1.9276873e-05   5.0009638e-03  -8.0437791e-06   5.0004022e-03
   4.0000000e+03   5.0000000e+02   5.0000000e+01   4.0777312e-03   5.2038866e-03   1.2792432e-03   5.0639622e-03  -3.3571245e-05   5.0016786e-03  -1.1905658e-05   5.0005953e-03
   4.0000000e+03   1.0000000e+03   5.0000000e+01   1.4386660e-02   5.7193330e-03  -5.5627998e-03   5.2781400e-03  -6.2439965e-05   5.0031220e-03  -1.5735481e-05   5.0007868e-03
   4.0000000e+03   1.5000000e+03   5.0000000e+01   2.0898802e-02   6.0449401e-03  -2.5813689e-02   6.2906845e-03  -1.2048275e-04   5.0060241e-03  -2.5891485e-05   5.0012946e-03
   4.0000000e+03   2.0000000e+03   5.0000000e+01   1.0407232e-02   5.5203616e-03  -5.3107657e-03   5.2655383e-03  -2.8102510e-04   5.0140513e-03  -4.0199160e-05   5.0020100e-03
   4.0000000e+03   2.5000000e+03   5.0000000e+01   3.8766072e-03   5.1938304e-03   1.6052337e-04   5.0080262e-03  -7.1678125e-04   5.0358391e-03  -1.6864858e-05   5.0008432e-03
   4.0000000e+03   3.0000000e+03   5.0000000e+01   3.0688482e-03   5.1534424e-03   2.2202630e-05   5.0011101e-03  -2.0185753e-03   5.1009288e-03   2.9705869e-04   5.0148529e-03
   4.0000000e+03   3.5000000e+03   5.0000000e+01   1.0969271e-03   5.0548464e-03  -2.8580989e-04   5.0142905e-03  -4.6908828e-03   5.2345441e-03   1.4769781e-03   5.0738489e-03
   4.0000000e+03   4.0000000e+03   5.0000000e+01  -6.0477914e-03   5.3023896e-03   2.0840854e-03   5.1042043e-03  -6.0477914e-03   5.3023896e-03   2.0840854e-03   5.1042043e-03
   4.0000000e+03   4.5000000e+03   5.0000000e+01  -2.1482678e-02   6.0741339e-03   1.7097519e-02   5.8548760e-03  -4.6295431e-03   5.2314772e-03   1.1469395e-03   5.0573470e-03
   4.0000000e+03   5.0000000e+03   5.0000000e+01  -2.2895631e-02   6.1447816e-03   1.2686580e-02   5.6343290e-03  -2.2170156e-03   5.1108508e-03  -2.2125717e-04   5.0110629e-03
   4.0000000e+03   5.5000000e+03   5.0000000e+01  -8.6204106e-03   5.4310205e-03  -1.5782389e-03   5.0789119e-03  -7.0297103e-04   5.0351486e-03  -3.4280615e-04   5.0171403e-03
   4.0000000e+03   6.0000000e+03   5.0000000e+01  -2.0883780e-03   5.1044189e-03  -1.5874383e-03   5.0793719e-03  -2.1878135e-04   5.0109391e-03  -1.5384547e-04   5.0076923e-03
   4.5000000e+03   0.0000000e+00   5.0000000e+01   7.8299883e-04   5.0391499e-03   6.5045660e-04   5.0325228e-03  -1.3830843e-04   5.0069154e-03  -1.1261663e-04   5.0056308e-03
   4.5000000e+03   5.0000000e+02   5.0000000e+01   3.1526765e-03   5.1576338e-03   1.1885697e-03   5.0594285e-03  -5.8539116e-04   5.0292696e-03  -3.0765404e-04   5.0153827e-03
   4.5000000e+03   1.0000000e+03   5.0000000e+01   1.0653619e-02   5.5326809e-03  -3.2674826e-03   5.1633741e-03  -2.8686167e-03   5.1434308e-03   1.0545751e-04   5.0052729e-03
   4.5000000e+03   1.5000000e+03   5.0000000e+01   1.5112331e-02   5.7556165e-03  -1.6841145e-02   5.8420573e-03  -9.2293219e-03   5.4614661e-03   5.7100943e-03   5.2855047e-03
   4.5000000e+03   2.0000000e+03   5.0000000e+01   7.8302821e-03   5.3915141e-03  -3.4008819e-03   5.1700441e-03  -1.7693376e-02   5.8846688e-03   1.5642002e-02   5.7821001e-03
   4.5000000e+03   2.5000000e+03   5.0000000e+01   2.4347568e-03   5.1217378e-03   1.0907306e-04   5.0054537e-03  -2.2513261e-02   6.1256630e-03   1.7615783e-02   5.8807892e-03
   4.5000000e+03   3.0000000e+03   5.0000000e+01   8.8220796e-04   5.0441104e-03   1.9769586e-04   5.0098848e-03  -2.3942572e-02   6.1971286e-03   1.7427097e-02   5.8713548e-03
   4.5000000e+03   3.5000000e+03   5.0000000e+01  -5.4739127e-04   5.0273696e-03   3.8477975e-05   5.0019239e-03  -2.4113740e-02   6.2056870e-03   1.7577263e-02   5.8788631e-03
   4.5000000e+03   4.0000000e+03   5.0000000e+01  -4.6295431e-03   5.2314772e-03   1.1469395e-03   5.0573470e-03  -2.1482678e-02   6.0741339e-03   1.7097519e-02   5.8548760e-03
   4.5000000e+03   4.5000000e+03   5.0000000e+01  -1.3896747e-02   5.6948374e-03   1.0700136e-02   5.5350068e-03  -1.3896747e-02   5.6948374e-03   1.0700136e-02   5.5350068e-03
   4.5000000e+03   5.0000000e+03   5.0000000e+01  -1.4484142e-02   5.7242071e-03   7.9511466e-03   5.3975573e-03  -5.5338158e-03   5.2766908e-03   1.0980230e-03   5.0549011e-03
   4.5000000e+03   5.5000000e+03   5.0000000e+01  -5.7275582e-03   5.2863779e-03  -1.1668213e-03   5.0583411e-03  -1.4029766e-03   5.0701488e-03  -5.2062496e-04   5.0260312e-03
   4.5000000e+03   6.0000000e+03   5.0000000e+01  -1.4902101e-03   5.0745105e-03  -1.1277291e-03   5.0563865e-03  -3.6377726e-04   5.0181889e-03  -2.5527182e-04   5.0127636e-03
   5.0000000e+03   0.0000000e+00   5.0000000e+01   4.8777768e-04   5.0243889e-03   4.1392977e-04   5.0206965e-03  -1.7854960e-04   5.0089275e-03  -1.5600536e-04   5.0078003e-03
   5.0000000e+03   5.0000000e+02   5.0000000e+01   1.4912713e-03   5.0745636e-03   8.8472684e-04   5.0442363e-03  -6.7469052e-04   5.0337345e-03  -4.4311489e-04   5.0221557e-03
   5.0000000e+03   1.0000000e+03   5.0000000e+01   4.3648792e-03   5.2182440e-03   3.0397850e-04   5.0151989e-03  -3.1800493e-03   5.1590025e-03  -3.7363526e-04   5.0186818e-03
   5.0000000e+03   1.5000000e+03   5.0000000e+01   6.3192487e-03   5.3159624e-03  -1.8232724e-03   5.0911636e-03  -1.0189807e-02   5.5094904e-03   4.0459607e-03   5.2022980e-03
   5.0000000e+03   2.0000000e+03   5.0000000e+01   3.5589940e-03   5.1779497e-03  -7.8567065e-05   5.0039284e-03  -1.9707190e-02   5.9853595e-03   1.1793217e-02   5.5896608e-03
   5.0000000e+03   2.5000000e+03   5.0000000e+01   1.2361259e-03   5.0618063e-03   3.3822264e-04   5.0169111e-03  -2.5113872e-02   6.2556936e-03   1.2778446e-02   5.6389223e-03
   5.0000000e+03   3.0000000e+03   5.0000000e+01   3.5118909e-04   5.0175595e-03   1.1133915e-04   5.0055670e-03  -2.6400976e-02   6.3200488e-03   1.2243110e-02   5.6121555e-03
   5.0000000e+03   3.5000000e+03   5.0000000e+01  -4.1303753e-04   5.0206519e-03  -1.5130759e-04   5.0075654e-03  -2.6140942e-02   6.3070471e-03   1.2482621e-02   5.6241311e-03
   5.0000000e+03   4.0000000e+03   5.0000000e+01  -2.2170156e-03   5.1108508e-03  -2.2125717e-04   5.0110629e-03  -2.2895631e-02   6.1447816e-03   1.2686580e-02   5.6343290e-03
   5.0000000e+03   4.5000000e+03   5.0000000e+01  -5.5338158e-03   5.2766908e-03   1.0980230e-03   5.0549011e-03  -1.4484142e-02   5.7242071e-03   7.9511466e-03   5.3975573e-03
   5.0000000e+03   5.0000000e+03   5.0000000e+01  -5.6358855e-03   5.2817943e-03   4.3860337e-04   5.0219302e-03  -5.6358855e-03   5.2817943e-03   4.3860337e-04   5.0219302e-03
   5.0000000e+03   5.5000000e+03   5.0000000e+01  -2.4661388e-03   5.1233069e-03  -1.0699765e-03   5.0534988e-03  -1.3977855e-03   5.0698893e-03  -6.5312501e-04   5.0326563e-03
   5.0000000e+03   6.0000000e+03   5.0000000e+01  -8.0391583e-04   5.0401958e-03  -6.6615090e-04   5.0333075e-03  -3.7154798e-04   5.0185774e-03  -2.8632343e-04   5.0143162e-03
   5.5000000e+03   0.0000000e+00   5.0000000e+01   2.8785107e-04   5.0143926e-03   2.0981190e-04   5.0104906e-03  -1.6556427e-04   5.0082782e-03  -1.3683804e-04   5.0068419e-03
   5.5000000e+03   5.0000000e+02   5.0000000e+01   5.3580728e-04   5.0267904e-03   4.4083245e-04   5.0220416e-03  -4.2675178e-04   5.0213376e-03  -3.7371861e-04   5.0186859e-03
   5.5000000e+03   1.0000000e+03   5.0000000e+01   1.1519938e-03   5.0575997e-03   6.3313339e-04   5.0316567e-03  -1.4933598e-03   5.0746680e-03  -8.5625021e-04   5.0428125e-03
   5.5000000e+03   1.5000000e+03   5.0000000e+01   1.5610889e-03   5.0780544e-03   5.5312261e-04   5.0276561e-03  -4.1560217e-03   5.2078011e-03  -1.1369834e-03   5.0568492e-03
   5.5000000e+03   2.0000000e+03   5.0000000e+01   1.0531274e-03   5.0526564e-03   4.5006121e-04   5.0225031e-03  -7.5265783e-03   5.3763289e-03  -1.2949656e-03   5.0647483e-03
   5.5000000e+03   2.5000000e+03   5.0000000e+01   4.7105686e-04   5.0235528e-03   2.5261983e-04   5.0126310e-03  -9.4125367e-03   5.4706268e-03  -1.9803544e-03   5.0990177e-03
   5.5000000e+03   3.0000000e+03   5.0000000e+01   1.4001330e-04   5.0070007e-03   6.7620803e-05   5.0033810e-03  -9.8844731e-03   5.4942237e-03  -2.3904921e-03   5.1195246e-03
   5.5000000e+03   3.5000000e+03   5.0000000e+01  -1.7036287e-04   5.0085181e-03  -1.1121933e-04   5.0055610e-03  -9.7782549e-03   5.4889127e-03  -2.2336045e-03   5.1116802e-03
   5.5000000e+03   4.0000000e+03   5.0000000e+01  -7.0297103e-04   5.0351486e-03  -3.4280615e-04   5.0171403e-03  -8.6204106e-03   5.4310205e-03  -1.5782389e-03   5.0789119e-03
   5.5000000e+03   4.5000000e+03   5.0000000e+01  -1.4029766e-03   5.0701488e-03  -5.2062496e-04   5.0260312e-03  -5.7275582e-03   5.2863779e-03  -1.1668213e-03   5.0583411e-03
   5.5000000e+03   5.0000000e+03   5.0000000e+01  -1.3977855e-03   5.0698893e-03  -6.5312501e-04   5.0326563e-03  -2.4661388e-03   5.1233069e-03  -1.0699765e-03   5.0534988e-03
   5.5000000e+03   5.5000000e+03   5.0000000e+01  -7.6735573e-04   5.0383678e-03  -5.7955795e-04   5.0289779e-03  -7.6735573e-04   5.0383678e-03  -5.7955795e-04   5.0289779e-03
   5.5000000e+03   6.0000000e+03   5.0000000e+01  -3.9257422e-04   5.0196287e-03  -3.1601130e-04   5.0158006e-03  -2.8031933e-04   5.0140160e-03  -2.2853759e-04   5.0114269e-03
   6.0000000e+03   0.0000000e+00   5.0000000e+01   1.8893133e-04   5.0094466e-03   1.0517265e-04   5.0052586e-03  -1.6328474e-04   5.0081642e-03  -9.5367190e-05   5.0047684e-03
   6.0000000e+03   5.0000000e+02   5.0000000e+01   2.3238763e-04   5.0116194e-03   1.7937520e-04   5.0089688e-03  -2.7199673e-04   5.0135998e-03  -2.1150909e-04   5.0105755e-03
   6.0000000e+03   1.0000000e+03   5.0000000e+01   3.3483482e-04   5.0167417e-03   2.6234112e-04   5.0131171e-03  -5.5389650e-04   5.0276948e-03  -4.8768314e-04   5.0243842e-03
   6.0000000e+03   1.5000000e+03   5.0000000e+01   3.9992198e-04   5.0199961e-03   2.7987420e-04   5.0139937e-03  -1.1381401e-03   5.0569070e-03  -9.1308663e-04   5.0456543e-03
   6.0000000e+03   2.0000000e+03   5.0000000e+01   3.1299795e-04   5.0156499e-03   2.1238937e-04   5.0106195e-03  -1.8363902e-03   5.0918195e-03  -1.3911989e-03   5.0695599e-03
   6.0000000e+03   2.5000000e+03   5.0000000e+01   1.7564449e-04   5.0087822e-03   1.1650527e-04   5.0058253e-03  -2.2461572e-03   5.1123079e-03  -1.7854381e-03   5.0892719e-03
   6.0000000e+03   3.0000000e+03   5.0000000e+01   5.6950968e-05   5.0028475e-03   3.2979559e-05   5.0016490e-03  -2.3611713e-03   5.1180586e-03  -1.9513321e-03   5.0975666e-03
   6.0000000e+03   3.5000000e+03   5.0000000e+01  -6.5021641e-05   5.0032511e-03  -4.9682675e-05   5.0024841e-03  -2.3410317e-03   5.1170516e-03  -1.8927558e-03   5.0946378e-03
   6.0000000e+03   4.0000000e+03   5.0000000e+01  -2.1878135e-04   5.0109391e-03  -1.5384547e-04   5.0076923e-03  -2.0883780e-03   5.1044189e-03  -1.5874383e-03   5.0793719e-03
   6.0000000e+03   4.5000000e+03   5.0000000e+01  -3.6377726e-04   5.0181889e-03  -2.5527182e-04   5.0127636e-03  -1.4902101e-03   5.0745105e-03  -1.1277291e-03   5.0563865e-03
   6.0000000e+03   5.0000000e+03   5.0000000e+01  -3.7154798e-04   5.0185774e-03  -2.8632343e-04   5.0143162e-03  -8.0391583e-04   5.0401958e-03  -6.6615090e-04   5.0333075e-03
   6.0000000e+03   5.5000000e+03   5.0000000e+01  -2.8031933e-04   5.0140160e-03  -2.2853759e-04   5.0114269e-03  -3.9257422e-04   5.0196287e-03  -3.1601130e-04   5.0158006e-03
   6.0000000e+03   6.0000000e+03   5.0000000e+01  -2.2448650e-04   5.0112243e-03  -1.4349878e-04   5.0071749e-03  -2.2448650e-04   5.0112243e-03  -1.4349878e-04   5.0071749e-03
